        0.0000  -0.902394   0.309537  -0.592857 
      150.0000  -0.871351   0.297640  -0.573711 
      300.0000  -0.826993   0.320834  -0.506159 
      450.0000  -0.722005   0.235595  -0.486410 
      600.0000  -0.700267   0.348191  -0.352077 
      750.0000  -0.620051   0.327511  -0.292540 
      900.0000  -0.602916   0.364890  -0.238026 
     1050.0000  -0.777927   0.291493  -0.486434 
     1200.0000  -0.631971   0.331462  -0.300510 
     1350.0000  -0.727632   0.359858  -0.367775 
     1500.0000  -0.713061   0.279431  -0.433630 
     1650.0000  -0.671523   0.319277  -0.352246 
     1800.0000  -0.631012   0.329121  -0.301890 
     1950.0000  -0.760117   0.302891  -0.457226 
     2100.0000  -0.767898   0.379473  -0.388425 
     2250.0000  -0.660325   0.296385  -0.363940 
     2400.0000  -0.753702   0.338775  -0.414926 
     2550.0000  -0.628971   0.262454  -0.366517 
     2700.0000  -0.621925   0.338684  -0.283241 
     2850.0000  -0.592625   0.337964  -0.254661 
     3000.0000  -0.530868   0.399400  -0.131467 
     3150.0000  -0.570971   0.296805  -0.274166 
     3300.0000  -0.672221   0.338277  -0.333944 
     3450.0000  -0.801225   0.390065  -0.411160 
     3600.0000  -0.628788   0.344314  -0.284474 
     3750.0000  -0.687389   0.411339  -0.276051 
     3900.0000  -0.588695   0.349893  -0.238801 
     4050.0000  -0.489827   0.288157  -0.201671 
     4200.0000  -0.532027   0.282267  -0.249760 
     4350.0000  -0.531055   0.287550  -0.243505 
     4500.0000  -0.509109   0.297367  -0.211743 
     4650.0000  -0.570329   0.305268  -0.265061 
     4800.0000  -0.525929   0.313855  -0.212075 
     4950.0000  -0.477897   0.314932  -0.162965 
     5100.0000  -0.572463   0.276576  -0.295887 
     5250.0000  -0.554829   0.430296  -0.124533 
     5400.0000  -0.503939   0.353145  -0.150794 
     5550.0000  -0.536580   0.377643  -0.158937 
     5700.0000  -0.476580   0.297490  -0.179090 
     5850.0000  -0.449299   0.420649  -0.028651 
     6000.0000  -0.364691   0.291984  -0.072708 
     6150.0000  -0.371571   0.348175  -0.023395 
     6300.0000  -0.370151   0.324597  -0.045553 
     6450.0000  -0.481636   0.416687  -0.064949 
     6600.0000  -0.304531   0.324832   0.020301 
     6750.0000  -0.585414   0.301362  -0.284052 
     6900.0000  -0.476522   0.285758  -0.190765 
     7050.0000  -0.518442   0.397253  -0.121189 
     7200.0000  -0.433098   0.318367  -0.114730 
     7350.0000  -0.391168   0.331492  -0.059676 
     7500.0000  -0.491917   0.441828  -0.050088 
     7650.0000  -0.504838   0.345981  -0.158857 
     7800.0000  -0.599822   0.289708  -0.310113 
     7950.0000  -0.396502   0.371735  -0.024767 
     8100.0000  -0.378606   0.301861  -0.076745 
     8250.0000  -0.343145   0.413808   0.070663 
     8400.0000  -0.323327   0.360045   0.036718 
     8550.0000  -0.379476   0.357274  -0.022202 
     8700.0000  -0.481684   0.350235  -0.131449 
     8850.0000  -0.496616   0.358999  -0.137618 
     9000.0000  -0.381711   0.378833  -0.002878 
     9150.0000  -0.479301   0.305014  -0.174287 
     9300.0000  -0.569819   0.313099  -0.256720 
     9450.0000  -0.589785   0.284841  -0.304944 
     9600.0000  -0.603604   0.395236  -0.208368 
     9750.0000  -0.555677   0.338479  -0.217197 
     9900.0000  -0.426005   0.331220  -0.094785 
    10050.0000  -0.440468   0.363505  -0.076963 
    10200.0000  -0.523605   0.289085  -0.234520 
    10350.0000  -0.583809   0.307386  -0.276424 
    10500.0000  -0.630977   0.318954  -0.312024 
    10650.0000  -0.637100   0.361890  -0.275209 
    10800.0000  -0.619542   0.316754  -0.302788 
    10950.0000  -0.533780   0.338933  -0.194846 
    11100.0000  -0.517526   0.352005  -0.165521 
    11250.0000  -0.550469   0.339821  -0.210648 
    11400.0000  -0.393816   0.244596  -0.149220 
    11550.0000  -0.494560   0.371235  -0.123325 
    11700.0000  -0.358364   0.317921  -0.040442 
    11850.0000  -0.402922   0.316155  -0.086767 
    12000.0000  -0.498085   0.332011  -0.166073 
    12150.0000  -0.466733   0.318918  -0.147815 
    12300.0000  -0.425972   0.380142  -0.045830 
    12450.0000  -0.429535   0.357039  -0.072497 
    12600.0000  -0.475855   0.306579  -0.169276 
    12750.0000  -0.338706   0.252303  -0.086404 
    12900.0000  -0.515436   0.336314  -0.179122 
    13050.0000  -0.636365   0.355421  -0.280944 
    13200.0000  -0.631597   0.337171  -0.294425 
    13350.0000  -0.789190   0.450206  -0.338984 
    13500.0000  -0.439564   0.267165  -0.172398 
    13650.0000  -0.405439   0.345890  -0.059549 
    13800.0000  -0.471214   0.464555  -0.006658 
    13950.0000  -0.321150   0.361553   0.040403 
    14100.0000  -0.334623   0.295838  -0.038785 
    14250.0000  -0.567968   0.322055  -0.245912 
    14400.0000  -0.532843   0.286392  -0.246451 
    14550.0000  -0.692360   0.335321  -0.357039 
    14700.0000  -0.727971   0.349663  -0.378308 
    14850.0000  -0.575314   0.316058  -0.259256 
    15000.0000  -0.621624   0.249246  -0.372377 
    15150.0000  -0.528241   0.354733  -0.173508 
    15300.0000  -0.588558   0.338243  -0.250315 
    15450.0000  -0.575024   0.318220  -0.256805 
    15600.0000  -0.667346   0.345817  -0.321529 
    15750.0000  -0.476739   0.335946  -0.140793 
    15900.0000  -0.589460   0.346962  -0.242498 
    16050.0000  -0.546940   0.341921  -0.205019 
    16200.0000  -0.568409   0.423046  -0.145362 
    16350.0000  -0.565855   0.301875  -0.263980 
    16500.0000  -0.701607   0.327106  -0.374501 
    16650.0000  -0.631563   0.356936  -0.274627 
    16800.0000  -0.504709   0.323722  -0.180987 
    16950.0000  -0.771695   0.428757  -0.342938 
    17100.0000  -0.724147   0.403159  -0.320988 
    17250.0000  -0.668693   0.261045  -0.407647 
    17400.0000  -0.629790   0.273245  -0.356545 
    17550.0000  -0.665873   0.303410  -0.362462 
    17700.0000  -0.736796   0.329918  -0.406878 
    17850.0000  -0.598496   0.326289  -0.272207 
    18000.0000  -0.509505   0.316147  -0.193359 
    18150.0000  -0.662337   0.352142  -0.310195 
    18300.0000  -0.502246   0.272468  -0.229778 
    18450.0000  -0.503965   0.319768  -0.184196 
    18600.0000  -0.501226   0.336040  -0.165186 
    18750.0000  -0.441568   0.333929  -0.107639 
    18900.0000  -0.552664   0.304646  -0.248018 
    19050.0000  -0.595089   0.285295  -0.309794 
    19200.0000  -0.648401   0.383146  -0.265255 
    19350.0000  -0.721905   0.384541  -0.337363 
    19500.0000  -0.556178   0.315816  -0.240362 
    19650.0000  -0.604420   0.357273  -0.247148 
    19800.0000  -0.543715   0.343163  -0.200551 
    19950.0000  -0.699783   0.444551  -0.255232 
    20100.0000  -0.910629   0.374548  -0.536082 
    20250.0000  -0.830223   0.327314  -0.502909 
    20400.0000  -0.786989   0.344844  -0.442145 
    20550.0000  -0.650233   0.299872  -0.350361 
    20700.0000  -0.438764   0.254396  -0.184368 
    20850.0000  -0.517839   0.362896  -0.154943 
    21000.0000  -0.502174   0.298243  -0.203931 
    21150.0000  -0.589739   0.317635  -0.272105 
    21300.0000  -0.483436   0.355857  -0.127579 
    21450.0000  -0.505503   0.347332  -0.158171 
    21600.0000  -0.480445   0.380024  -0.100422 
    21750.0000  -0.550697   0.414874  -0.135823 
    21900.0000  -0.660747   0.406748  -0.253999 
    22050.0000  -0.667620   0.386613  -0.281007 
    22200.0000  -0.579227   0.344319  -0.234908 
    22350.0000  -0.516185   0.299024  -0.217160 
    22500.0000  -0.487968   0.304347  -0.183620 
    22650.0000  -0.596952   0.414845  -0.182107 
    22800.0000  -0.546781   0.189061  -0.357720 
    22950.0000  -0.564797   0.332303  -0.232494 
    23100.0000  -0.585186   0.326661  -0.258525 
    23250.0000  -0.564414   0.414244  -0.150169 
    23400.0000  -0.591807   0.383396  -0.208412 
    23550.0000  -0.478168   0.348441  -0.129727 
    23700.0000  -0.365396   0.311313  -0.054083 
    23850.0000  -0.388312   0.306299  -0.082013 
    24000.0000  -0.482462   0.347694  -0.134768 
    24150.0000  -0.546661   0.351434  -0.195227 
    24300.0000  -0.455616   0.378816  -0.076799 
    24450.0000  -0.541435   0.381085  -0.160351 
    24600.0000  -0.338538   0.299439  -0.039099 
    24750.0000  -0.459723   0.356736  -0.102987 
    24900.0000  -0.522510   0.281155  -0.241355 
    25050.0000  -0.469791   0.329180  -0.140611 
    25200.0000  -0.526016   0.264704  -0.261312 
    25350.0000  -0.414377   0.357464  -0.056913 
    25500.0000  -0.374310   0.247537  -0.126774 
    25650.0000  -0.370452   0.296304  -0.074148 
    25800.0000  -0.240367   0.362705   0.122338 
    25950.0000  -0.236595   0.334690   0.098095 
    26100.0000  -0.277682   0.360993   0.083310 
    26250.0000  -0.454338   0.310043  -0.144294 
    26400.0000  -0.546622   0.318009  -0.228613 
    26550.0000  -0.333331   0.282028  -0.051303 
    26700.0000  -0.533170   0.343640  -0.189530 
    26850.0000  -0.605813   0.295605  -0.310208 
    27000.0000  -0.719903   0.336224  -0.383679 
    27150.0000  -0.671265   0.416797  -0.254467 
    27300.0000  -0.484356   0.281581  -0.202774 
    27450.0000  -0.538711   0.297932  -0.240779 
    27600.0000  -0.585147   0.359621  -0.225526 
    27750.0000  -0.748090   0.319232  -0.428858 
    27900.0000  -0.744229   0.316224  -0.428005 
    28050.0000  -0.688441   0.320329  -0.368112 
    28200.0000  -0.724987   0.345174  -0.379813 
    28350.0000  -0.763586   0.309070  -0.454516 
    28500.0000  -0.543808   0.318432  -0.225376 
    28650.0000  -0.509948   0.342178  -0.167770 
    28800.0000  -0.681922   0.385074  -0.296848 
    28950.0000  -0.623926   0.369082  -0.254844 
    29100.0000  -0.724576   0.334354  -0.390222 
    29250.0000  -0.535512   0.328270  -0.207242 
    29400.0000  -0.426896   0.324041  -0.102855 
    29550.0000  -0.526689   0.309639  -0.217050 
    29700.0000  -0.482521   0.332023  -0.150499 
    29850.0000  -0.623945   0.309138  -0.314807 
    30000.0000  -0.459742   0.398760  -0.060982 
    30150.0000  -0.384424   0.321207  -0.063216 
    30300.0000  -0.441084   0.322137  -0.118947 
    30450.0000  -0.428086   0.286182  -0.141904 
    30600.0000  -0.478957   0.420849  -0.058109 
    30750.0000  -0.390379   0.319222  -0.071157 
    30900.0000  -0.406355   0.336025  -0.070330 
    31050.0000  -0.259786   0.332562   0.072776 
    31200.0000  -0.328326   0.363447   0.035122 
    31350.0000  -0.420739   0.288216  -0.132524 
    31500.0000  -0.401526   0.312556  -0.088970 
    31650.0000  -0.435677   0.289632  -0.146045 
    31800.0000  -0.408455   0.302886  -0.105570 
    31950.0000  -0.407045   0.314795  -0.092250 
    32100.0000  -0.411410   0.333579  -0.077831 
    32250.0000  -0.435494   0.383628  -0.051867 
    32400.0000  -0.467551   0.424546  -0.043005 
    32550.0000  -0.469933   0.376601  -0.093332 
    32700.0000  -0.423743   0.377355  -0.046389 
    32850.0000  -0.424215   0.341664  -0.082551 
    33000.0000  -0.438458   0.342116  -0.096342 
    33150.0000  -0.435542   0.352933  -0.082609 
    33300.0000  -0.345851   0.344681  -0.001170 
    33450.0000  -0.319916   0.340397   0.020481 
    33600.0000  -0.502705   0.280382  -0.222323 
    33750.0000  -0.483606   0.330943  -0.152663 
    33900.0000  -0.437711   0.344765  -0.092945 
    34050.0000  -0.575387   0.370754  -0.204633 
    34200.0000  -0.611016   0.323959  -0.287057 
    34350.0000  -0.507449   0.351822  -0.155626 
    34500.0000  -0.275435   0.341780   0.066345 
    34650.0000  -0.161635   0.259598   0.097962 
    34800.0000  -0.217822   0.391751   0.173929 
    34950.0000  -0.120942   0.419539   0.298597 
    35100.0000  -0.242298   0.332481   0.090184 
    35250.0000  -0.314486   0.348824   0.034339 
    35400.0000  -0.295111   0.301305   0.006194 
    35550.0000  -0.273059   0.357903   0.084844 
    35700.0000  -0.300541   0.322274   0.021733 
    35850.0000  -0.449742   0.358014  -0.091728 
    36000.0000  -0.446481   0.324804  -0.121677 
    36150.0000  -0.415760   0.282348  -0.133412 
    36300.0000  -0.604769   0.292745  -0.312023 
    36450.0000  -0.543528   0.407707  -0.135821 
    36600.0000  -0.542961   0.288194  -0.254766 
    36750.0000  -0.489380   0.335871  -0.153508 
    36900.0000  -0.427769   0.341960  -0.085809 
    37050.0000  -0.470560   0.351544  -0.119016 
    37200.0000  -0.521622   0.336624  -0.184997 
    37350.0000  -0.555672   0.307971  -0.247701 
    37500.0000  -0.659366   0.350476  -0.308890 
    37650.0000  -0.546987   0.321534  -0.225453 
    37800.0000  -0.483580   0.326498  -0.157082 
    37950.0000  -0.518042   0.334161  -0.183881 
    38100.0000  -0.579595   0.277615  -0.301980 
    38250.0000  -0.694740   0.268724  -0.426016 
    38400.0000  -0.606990   0.289710  -0.317280 
    38550.0000  -0.649413   0.313854  -0.335559 
    38700.0000  -0.772018   0.371936  -0.400082 
    38850.0000  -0.796951   0.346502  -0.450450 
    39000.0000  -0.704958   0.304073  -0.400885 
    39150.0000  -0.630874   0.326062  -0.304813 
    39300.0000  -0.474471   0.300401  -0.174070 
    39450.0000  -0.784095   0.386321  -0.397774 
    39600.0000  -0.639148   0.296668  -0.342480 
    39750.0000  -0.741563   0.347429  -0.394134 
    39900.0000  -0.556221   0.327142  -0.229079 
    40050.0000  -0.536215   0.399971  -0.136244 
    40200.0000  -0.626559   0.377809  -0.248749 
    40350.0000  -0.552737   0.309173  -0.243564 
    40500.0000  -0.658460   0.304864  -0.353596 
    40650.0000  -0.551028   0.307007  -0.244020 
    40800.0000  -0.725415   0.267847  -0.457567 
    40950.0000  -0.746024   0.346705  -0.399319 
    41100.0000  -0.811685   0.308003  -0.503683 
    41250.0000  -0.854457   0.274105  -0.580352 
    41400.0000  -0.916459   0.310186  -0.606273 
    41550.0000  -0.812461   0.385284  -0.427177 
    41700.0000  -0.537478   0.299949  -0.237529 
    41850.0000  -0.534629   0.347703  -0.186927 
    42000.0000  -0.513518   0.404160  -0.109357 
    42150.0000  -0.344493   0.351999   0.007507 
    42300.0000  -0.413890   0.416171   0.002281 
    42450.0000  -0.418433   0.380269  -0.038164 
    42600.0000  -0.428232   0.328158  -0.100074 
    42750.0000  -0.480499   0.333112  -0.147387 
    42900.0000  -0.384982   0.314068  -0.070915 
    43050.0000  -0.479448   0.295337  -0.184111 
    43200.0000  -0.477238   0.301300  -0.175937 
    43350.0000  -0.478000   0.332964  -0.145036 
    43500.0000  -0.491233   0.367984  -0.123249 
    43650.0000  -0.543132   0.368879  -0.174253 
    43800.0000  -0.447937   0.403877  -0.044060 
    43950.0000  -0.360705   0.348200  -0.012505 
    44100.0000  -0.494010   0.336433  -0.157578 
    44250.0000  -0.509987   0.311277  -0.198710 
    44400.0000  -0.471301   0.336461  -0.134840 
    44550.0000  -0.372418   0.273960  -0.098458 
    44700.0000  -0.498792   0.285233  -0.213559 
    44850.0000  -0.546742   0.317329  -0.229413 
    45000.0000  -0.414926   0.350785  -0.064141 
    45150.0000  -0.361915   0.294066  -0.067849 
    45300.0000  -0.385846   0.333165  -0.052681 
    45450.0000  -0.536932   0.347746  -0.189186 
    45600.0000  -0.662416   0.306159  -0.356257 
    45750.0000  -0.525647   0.302410  -0.223236 
    45900.0000  -0.517694   0.271239  -0.246455 
    46050.0000  -0.546984   0.346096  -0.200888 
    46200.0000  -0.406442   0.299899  -0.106542 
    46350.0000  -0.435549   0.376076  -0.059474 
    46500.0000  -0.407107   0.386781  -0.020325 
    46650.0000  -0.528401   0.378801  -0.149600 
    46800.0000  -0.461426   0.336721  -0.124705 
    46950.0000  -0.471114   0.321896  -0.149219 
    47100.0000  -0.450092   0.300302  -0.149790 
    47250.0000  -0.520123   0.296220  -0.223903 
    47400.0000  -0.670032   0.369186  -0.300846 
    47550.0000  -0.632608   0.392757  -0.239851 
    47700.0000  -0.647595   0.305104  -0.342492 
    47850.0000  -0.637756   0.357144  -0.280612 
    48000.0000  -0.670305   0.345319  -0.324986 
    48150.0000  -0.594055   0.320696  -0.273359 
    48300.0000  -0.558815   0.316253  -0.242562 
    48450.0000  -0.567221   0.391859  -0.175362 
    48600.0000  -0.560778   0.378876  -0.181902 
    48750.0000  -0.510672   0.324169  -0.186503 
    48900.0000  -0.668830   0.325919  -0.342911 
    49050.0000  -0.684839   0.258461  -0.426379 
    49200.0000  -0.496956   0.361336  -0.135619 
    49350.0000  -0.721515   0.357587  -0.363928 
    49500.0000  -0.602633   0.290322  -0.312310 
    49650.0000  -0.589088   0.384991  -0.204098 
    49800.0000  -0.576969   0.333702  -0.243267 
    49950.0000  -0.509353   0.318814  -0.190538 
    50100.0000  -0.614348   0.301414  -0.312934 
    50250.0000  -0.722473   0.296860  -0.425614 
    50400.0000  -1.017913   0.347261  -0.670652 
    50550.0000  -0.824879   0.302432  -0.522447 
    50700.0000  -0.816871   0.336680  -0.480190 
    50850.0000  -0.784034   0.300771  -0.483263 
    51000.0000  -0.791848   0.246285  -0.545563 
    51150.0000  -0.683551   0.313995  -0.369556 
    51300.0000  -0.673807   0.255811  -0.417996 
    51450.0000  -0.766053   0.358461  -0.407592 
    51600.0000  -0.685861   0.307658  -0.378203 
    51750.0000  -0.789704   0.322880  -0.466825 
    51900.0000  -0.722909   0.289220  -0.433689 
    52050.0000  -0.731230   0.329527  -0.401704 
    52200.0000  -0.894111   0.377537  -0.516574 
    52350.0000  -0.714107   0.317910  -0.396197 
    52500.0000  -0.564392   0.371687  -0.192706 
    52650.0000  -0.523798   0.321420  -0.202378 
    52800.0000  -0.585421   0.312818  -0.272603 
    52950.0000  -0.592869   0.304626  -0.288243 
    53100.0000  -0.688568   0.320728  -0.367840 
    53250.0000  -0.615374   0.316885  -0.298489 
    53400.0000  -0.574322   0.355954  -0.218368 
    53550.0000  -0.417027   0.304279  -0.112748 
    53700.0000  -0.276743   0.387888   0.111145 
    53850.0000  -0.351452   0.423244   0.071791 
    54000.0000  -0.199649   0.348370   0.148720 
    54150.0000  -0.312689   0.331744   0.019056 
    54300.0000  -0.324578   0.309290  -0.015288 
    54450.0000  -0.319012   0.402253   0.083241 
    54600.0000  -0.240401   0.266980   0.026579 
    54750.0000  -0.347965   0.393061   0.045096 
    54900.0000  -0.325865   0.410936   0.085072 
    55050.0000  -0.454858   0.349740  -0.105119 
    55200.0000  -0.466717   0.281180  -0.185537 
    55350.0000  -0.519426   0.288115  -0.231311 
    55500.0000  -0.584950   0.282869  -0.302081 
    55650.0000  -0.588784   0.303003  -0.285781 
    55800.0000  -0.545419   0.262585  -0.282834 
    55950.0000  -0.579262   0.332156  -0.247106 
    56100.0000  -0.618934   0.432686  -0.186248 
    56250.0000  -0.396415   0.343505  -0.052911 
    56400.0000  -0.330969   0.352372   0.021403 
    56550.0000  -0.448229   0.342973  -0.105256 
    56700.0000  -0.419877   0.320266  -0.099611 
    56850.0000  -0.397621   0.338417  -0.059203 
    57000.0000  -0.469075   0.332729  -0.136346 
    57150.0000  -0.460778   0.383416  -0.077362 
    57300.0000  -0.433331   0.299822  -0.133508 
    57450.0000  -0.516641   0.364806  -0.151836 
    57600.0000  -0.329523   0.279588  -0.049935 
    57750.0000  -0.355621   0.311469  -0.044152 
    57900.0000  -0.586921   0.474077  -0.112845 
    58050.0000  -0.479799   0.346557  -0.133242 
    58200.0000  -0.455824   0.376794  -0.079030 
    58350.0000  -0.552910   0.271330  -0.281579 
    58500.0000  -0.483117   0.241764  -0.241353 
    58650.0000  -0.668929   0.358828  -0.310101 
    58800.0000  -0.756531   0.329357  -0.427173 
    58950.0000  -0.612537   0.358133  -0.254404 
    59100.0000  -0.763377   0.256074  -0.507303 
    59250.0000  -0.731025   0.350250  -0.380775 
    59400.0000  -0.559681   0.304989  -0.254692 
    59550.0000  -0.606799   0.350239  -0.256560 
    59700.0000  -0.709663   0.331308  -0.378354 
    59850.0000  -0.701804   0.315784  -0.386021 
    60000.0000  -0.673191   0.360269  -0.312922 
    60150.0000  -0.624444   0.334001  -0.290443 
    60300.0000  -0.722644   0.319333  -0.403311 
    60450.0000  -0.664547   0.301628  -0.362919 
    60600.0000  -0.673865   0.332435  -0.341430 
    60750.0000  -0.645871   0.307343  -0.338529 
    60900.0000  -0.819576   0.347311  -0.472265 
    61050.0000  -0.775032   0.265163  -0.509869 
    61200.0000  -0.724971   0.359177  -0.365794 
    61350.0000  -0.785154   0.416121  -0.369033 
    61500.0000  -0.781606   0.307162  -0.474444 
    61650.0000  -0.587334   0.322605  -0.264730 
    61800.0000  -0.516182   0.297124  -0.219058 
    61950.0000  -0.358515   0.273219  -0.085296 
    62100.0000  -0.343467   0.282316  -0.061151 
    62250.0000  -0.468959   0.337742  -0.131216 
    62400.0000  -0.534879   0.339610  -0.195270 
    62550.0000  -0.503765   0.266407  -0.237358 
    62700.0000  -0.439700   0.311752  -0.127948 
    62850.0000  -0.517533   0.328508  -0.189025 
    63000.0000  -0.635513   0.331090  -0.304423 
    63150.0000  -0.652135   0.338404  -0.313731 
    63300.0000  -0.620174   0.325438  -0.294736 
    63450.0000  -0.649513   0.387374  -0.262138 
    63600.0000  -0.514688   0.295683  -0.219005 
    63750.0000  -0.617755   0.310326  -0.307429 
    63900.0000  -0.515926   0.365559  -0.150367 
    64050.0000  -0.536028   0.333720  -0.202308 
    64200.0000  -0.547784   0.270522  -0.277262 
    64350.0000  -0.660955   0.366131  -0.294824 
    64500.0000  -0.651025   0.255523  -0.395502 
    64650.0000  -0.569888   0.297567  -0.272321 
    64800.0000  -0.582087   0.265979  -0.316108 
    64950.0000  -0.465839   0.307088  -0.158751 
    65100.0000  -0.499452   0.360276  -0.139177 
    65250.0000  -0.403318   0.295257  -0.108061 
    65400.0000  -0.677835   0.241788  -0.436047 
    65550.0000  -0.642716   0.316655  -0.326061 
    65700.0000  -0.465659   0.322602  -0.143056 
    65850.0000  -0.572651   0.402854  -0.169797 
    66000.0000  -0.553005   0.312283  -0.240721 
    66150.0000  -0.560426   0.232614  -0.327812 
    66300.0000  -0.552153   0.321541  -0.230612 
    66450.0000  -0.513885   0.344064  -0.169821 
    66600.0000  -0.497984   0.281637  -0.216347 
    66750.0000  -0.448760   0.241688  -0.207071 
    66900.0000  -0.725930   0.372803  -0.353127 
    67050.0000  -0.672031   0.274520  -0.397512 
    67200.0000  -0.504255   0.294298  -0.209956 
    67350.0000  -0.569515   0.357201  -0.212313 
    67500.0000  -0.509524   0.288749  -0.220775 
    67650.0000  -0.463954   0.342847  -0.121106 
    67800.0000  -0.392499   0.358753  -0.033746 
    67950.0000  -0.589617   0.333591  -0.256026 
    68100.0000  -0.644236   0.369385  -0.274851 
    68250.0000  -0.536383   0.275097  -0.261287 
    68400.0000  -0.430999   0.220045  -0.210953 
    68550.0000  -0.603679   0.326424  -0.277254 
    68700.0000  -0.605188   0.344600  -0.260588 
    68850.0000  -0.488547   0.373945  -0.114602 
    69000.0000  -0.537460   0.286821  -0.250638 
    69150.0000  -0.575293   0.373866  -0.201427 
    69300.0000  -0.470569   0.359579  -0.110990 
    69450.0000  -0.553210   0.342563  -0.210646 
    69600.0000  -0.289541   0.313811   0.024270 
    69750.0000  -0.454175   0.376892  -0.077283 
    69900.0000  -0.501176   0.352037  -0.149139 
    70050.0000  -0.558562   0.455026  -0.103536 
    70200.0000  -0.541204   0.309653  -0.231551 
    70350.0000  -0.653635   0.327316  -0.326319 
    70500.0000  -0.720588   0.317729  -0.402859 
    70650.0000  -0.800588   0.269103  -0.531485 
    70800.0000  -0.796978   0.305517  -0.491460 
    70950.0000  -0.756444   0.298100  -0.458344 
    71100.0000  -0.807198   0.383470  -0.423728 
    71250.0000  -0.739929   0.361761  -0.378168 
    71400.0000  -0.653247   0.377921  -0.275326 
    71550.0000  -0.764238   0.338315  -0.425923 
    71700.0000  -0.995676   0.432614  -0.563062 
    71850.0000  -1.024128   0.332877  -0.691250 
    72000.0000  -1.021583   0.402342  -0.619240 
    72150.0000  -0.973333   0.297742  -0.675592 
    72300.0000  -1.074743   0.317623  -0.757120 
    72450.0000  -1.110253   0.409770  -0.700483 
    72600.0000  -1.144277   0.328003  -0.816274 
    72750.0000  -1.174934   0.298132  -0.876802 
    72900.0000  -1.145815   0.333255  -0.812560 
    73050.0000  -1.175707   0.273747  -0.901960 
    73200.0000  -1.247909   0.237486  -1.010423 
    73350.0000  -1.210617   0.248019  -0.962598 
    73500.0000  -1.120706   0.389965  -0.730741 
    73650.0000  -1.170021   0.376229  -0.793793 
    73800.0000  -1.181357   0.337483  -0.843874 
    73950.0000  -1.219246   0.313401  -0.905845 
    74100.0000  -1.227581   0.320675  -0.906906 
    74250.0000  -1.170775   0.395622  -0.775152 
    74400.0000  -1.007324   0.265989  -0.741334 
    74550.0000  -0.855271   0.277348  -0.577923 
    74700.0000  -0.943560   0.354530  -0.589030 
    74850.0000  -0.932382   0.401643  -0.530740 
    75000.0000  -1.054839   0.402448  -0.652392 
    75150.0000  -0.969061   0.306523  -0.662538 
    75300.0000  -1.048295   0.342442  -0.705853 
    75450.0000  -1.113403   0.321403  -0.792000 
    75600.0000  -1.157964   0.344533  -0.813432 
    75750.0000  -0.949390   0.331952  -0.617438 
    75900.0000  -0.948944   0.356311  -0.592633 
    76050.0000  -0.828704   0.336547  -0.492157 
    76200.0000  -0.978836   0.398221  -0.580615 
    76350.0000  -1.044205   0.362959  -0.681246 
    76500.0000  -1.097697   0.251712  -0.845984 
    76650.0000  -1.124387   0.342230  -0.782157 
    76800.0000  -1.016942   0.325964  -0.690979 
    76950.0000  -1.175086   0.426544  -0.748542 
    77100.0000  -1.092892   0.341970  -0.750922 
    77250.0000  -1.122429   0.390283  -0.732146 
    77400.0000  -1.203026   0.344880  -0.858146 
    77550.0000  -1.225312   0.419090  -0.806222 
    77700.0000  -1.095329   0.335665  -0.759665 
    77850.0000  -1.175448   0.334209  -0.841239 
    78000.0000  -1.252598   0.308285  -0.944313 
    78150.0000  -1.341576   0.344222  -0.997354 
    78300.0000  -1.201568   0.366524  -0.835044 
    78450.0000  -1.335684   0.386343  -0.949341 
    78600.0000  -1.225372   0.293261  -0.932111 
    78750.0000  -1.291108   0.335013  -0.956095 
    78900.0000  -1.104729   0.386493  -0.718236 
    79050.0000  -1.214959   0.374757  -0.840202 
    79200.0000  -1.121106   0.315969  -0.805136 
    79350.0000  -1.214415   0.297781  -0.916634 
    79500.0000  -1.234017   0.370429  -0.863589 
    79650.0000  -1.293318   0.393223  -0.900095 
    79800.0000  -1.257369   0.367165  -0.890204 
    79950.0000  -1.257678   0.373634  -0.884044 
    80100.0000  -1.224625   0.368208  -0.856418 
    80250.0000  -1.280138   0.310436  -0.969702 
    80400.0000  -1.290718   0.307082  -0.983636 
    80550.0000  -1.270313   0.357976  -0.912337 
    80700.0000  -1.188215   0.311861  -0.876354 
    80850.0000  -1.225816   0.353905  -0.871912 
    81000.0000  -1.172695   0.318417  -0.854278 
    81150.0000  -1.238088   0.376970  -0.861118 
    81300.0000  -1.271944   0.405114  -0.866830 
    81450.0000  -1.266643   0.396704  -0.869939 
    81600.0000  -1.251766   0.374967  -0.876799 
    81750.0000  -1.219009   0.298451  -0.920558 
    81900.0000  -1.251203   0.333987  -0.917217 
    82050.0000  -1.237244   0.376160  -0.861084 
    82200.0000  -1.094370   0.334713  -0.759657 
    82350.0000  -0.978952   0.360904  -0.618049 
    82500.0000  -1.188592   0.347385  -0.841207 
    82650.0000  -1.197227   0.348441  -0.848785 
    82800.0000  -1.231137   0.317827  -0.913311 
    82950.0000  -1.086844   0.344108  -0.742736 
    83100.0000  -1.227011   0.341497  -0.885514 
    83250.0000  -1.193494   0.431548  -0.761947 
    83400.0000  -1.073742   0.383604  -0.690139 
    83550.0000  -1.189909   0.339556  -0.850353 
    83700.0000  -1.069822   0.326717  -0.743104 
    83850.0000  -1.015521   0.350893  -0.664628 
    84000.0000  -1.044372   0.331086  -0.713287 
    84150.0000  -0.991995   0.270775  -0.721221 
    84300.0000  -0.999450   0.310063  -0.689387 
    84450.0000  -1.000994   0.350075  -0.650919 
    84600.0000  -1.032613   0.352244  -0.680369 
    84750.0000  -1.046565   0.422477  -0.624088 
    84900.0000  -0.945960   0.401629  -0.544331 
    85050.0000  -1.013915   0.341310  -0.672605 
    85200.0000  -1.153000   0.342415  -0.810586 
    85350.0000  -1.079038   0.393374  -0.685664 
    85500.0000  -1.053258   0.361530  -0.691728 
    85650.0000  -1.045345   0.325750  -0.719595 
    85800.0000  -1.290571   0.381739  -0.908832 
    85950.0000  -1.206868   0.298984  -0.907884 
    86100.0000  -1.215646   0.361276  -0.854370 
    86250.0000  -1.193490   0.348747  -0.844743 
    86400.0000  -1.094620   0.341528  -0.753092 
    86550.0000  -1.014569   0.358363  -0.656206 
    86700.0000  -1.250742   0.382904  -0.867838 
    86850.0000  -1.175013   0.311729  -0.863284 
    87000.0000  -1.159727   0.397037  -0.762690 
    87150.0000  -1.188367   0.337005  -0.851362 
    87300.0000  -1.027621   0.225658  -0.801963 
    87450.0000  -1.077348   0.308893  -0.768455 
    87600.0000  -1.169701   0.281671  -0.888030 
    87750.0000  -1.070899   0.262631  -0.808268 
    87900.0000  -1.054074   0.340900  -0.713174 
    88050.0000  -1.231360   0.337161  -0.894199 
    88200.0000  -1.257739   0.354609  -0.903131 
    88350.0000  -1.214356   0.295221  -0.919135 
    88500.0000  -1.096202   0.329234  -0.766968 
    88650.0000  -1.239214   0.361137  -0.878077 
    88800.0000  -1.215572   0.389914  -0.825658 
    88950.0000  -1.271736   0.303221  -0.968515 
    89100.0000  -1.122273   0.286438  -0.835835 
    89250.0000  -1.292885   0.347627  -0.945258 
    89400.0000  -1.414792   0.326057  -1.088735 
    89550.0000  -1.259105   0.272186  -0.986919 
    89700.0000  -1.229491   0.319143  -0.910348 
    89850.0000  -1.242022   0.306963  -0.935059 
    90000.0000  -1.274745   0.329618  -0.945127 
    90150.0000  -1.173774   0.284798  -0.888977 
    90300.0000  -1.320531   0.323396  -0.997136 
    90450.0000  -1.264469   0.274003  -0.990466 
    90600.0000  -1.247563   0.314578  -0.932985 
    90750.0000  -1.171308   0.382264  -0.789044 
    90900.0000  -1.223553   0.345761  -0.877793 
    91050.0000  -1.201464   0.292756  -0.908709 
    91200.0000  -1.172072   0.308183  -0.863889 
    91350.0000  -1.020348   0.331964  -0.688383 
    91500.0000  -1.173621   0.396972  -0.776649 
    91650.0000  -1.204718   0.382485  -0.822233 
    91800.0000  -1.192395   0.304127  -0.888269 
    91950.0000  -1.208131   0.306261  -0.901871 
    92100.0000  -1.023893   0.347923  -0.675970 
    92250.0000  -0.960450   0.230641  -0.729809 
    92400.0000  -1.021502   0.339379  -0.682123 
    92550.0000  -0.949438   0.343062  -0.606376 
    92700.0000  -0.969179   0.289162  -0.680016 
    92850.0000  -1.097636   0.273999  -0.823637 
    93000.0000  -1.044221   0.303910  -0.740311 
    93150.0000  -1.075641   0.373332  -0.702310 
    93300.0000  -1.228346   0.375361  -0.852985 
    93450.0000  -1.263413   0.302090  -0.961323 
    93600.0000  -1.172616   0.256668  -0.915948 
    93750.0000  -1.266511   0.272946  -0.993565 
    93900.0000  -1.152885   0.327256  -0.825629 
    94050.0000  -1.266934   0.272410  -0.994524 
    94200.0000  -1.162492   0.317158  -0.845334 
    94350.0000  -1.019132   0.340493  -0.678638 
    94500.0000  -1.155821   0.306499  -0.849322 
    94650.0000  -1.104155   0.378198  -0.725957 
    94800.0000  -1.143074   0.331657  -0.811416 
    94950.0000  -1.099166   0.274759  -0.824407 
    95100.0000  -0.940083   0.388240  -0.551843 
    95250.0000  -1.020871   0.354187  -0.666684 
    95400.0000  -1.155677   0.422274  -0.733403 
    95550.0000  -1.226822   0.297554  -0.929268 
    95700.0000  -1.175279   0.294462  -0.880816 
    95850.0000  -1.141002   0.309384  -0.831618 
    96000.0000  -1.152111   0.338273  -0.813838 
    96150.0000  -1.103496   0.288477  -0.815019 
    96300.0000  -1.195814   0.318497  -0.877317 
    96450.0000  -1.252226   0.313089  -0.939137 
    96600.0000  -1.244365   0.301793  -0.942572 
    96750.0000  -1.301759   0.293023  -1.008736 
    96900.0000  -1.358527   0.280709  -1.077817 
    97050.0000  -1.343287   0.313184  -1.030103 
    97200.0000  -1.252714   0.318773  -0.933942 
    97350.0000  -1.325808   0.326137  -0.999671 
    97500.0000  -1.078471   0.353024  -0.725446 
    97650.0000  -1.092532   0.343868  -0.748663 
    97800.0000  -1.023349   0.440527  -0.582822 
    97950.0000  -0.957624   0.325381  -0.632243 
    98100.0000  -0.898136   0.298363  -0.599773 
    98250.0000  -1.155458   0.406816  -0.748642 
    98400.0000  -1.203521   0.443017  -0.760504 
    98550.0000  -1.056479   0.395632  -0.660846 
    98700.0000  -1.030015   0.322120  -0.707894 
    98850.0000  -0.996362   0.292069  -0.704294 
    99000.0000  -1.081791   0.355219  -0.726571 
    99150.0000  -1.153494   0.264790  -0.888704 
    99300.0000  -1.329350   0.304979  -1.024371 
    99450.0000  -1.273123   0.305934  -0.967188 
    99600.0000  -1.202591   0.298369  -0.904222 
    99750.0000  -1.272297   0.297930  -0.974367 
    99900.0000  -1.242425   0.375511  -0.866914 
   100050.0000  -1.324485   0.315135  -1.009350 
   100200.0000  -1.270820   0.275730  -0.995090 
   100350.0000  -1.197266   0.300271  -0.896995 
   100500.0000  -1.200859   0.395103  -0.805756 
   100650.0000  -1.216419   0.339433  -0.876985 
   100800.0000  -1.261889   0.404795  -0.857094 
   100950.0000  -1.182025   0.423761  -0.758265 
   101100.0000  -1.279120   0.274955  -1.004165 
   101250.0000  -1.104510   0.336693  -0.767817 
   101400.0000  -1.134132   0.379257  -0.754875 
   101550.0000  -1.072032   0.283821  -0.788212 
   101700.0000  -1.044537   0.233126  -0.811411 
   101850.0000  -1.191164   0.279054  -0.912111 
   102000.0000  -1.095127   0.270047  -0.825080 
   102150.0000  -1.237591   0.297425  -0.940166 
   102300.0000  -1.293658   0.276297  -1.017360 
   102450.0000  -1.142413   0.264257  -0.878157 
   102600.0000  -1.068716   0.325387  -0.743329 
   102750.0000  -1.117460   0.413016  -0.704444 
   102900.0000  -1.045324   0.355567  -0.689757 
   103050.0000  -0.991170   0.330151  -0.661019 
   103200.0000  -1.052276   0.368354  -0.683922 
   103350.0000  -1.058376   0.331790  -0.726585 
   103500.0000  -1.208074   0.369253  -0.838820 
   103650.0000  -1.242777   0.381836  -0.860941 
   103800.0000  -1.249967   0.253003  -0.996964 
   103950.0000  -1.252811   0.328505  -0.924306 
   104100.0000  -1.281587   0.269717  -1.011870 
   104250.0000  -1.206568   0.390254  -0.816313 
   104400.0000  -1.216409   0.287767  -0.928643 
   104550.0000  -1.230184   0.348911  -0.881272 
   104700.0000  -1.055276   0.264523  -0.790753 
   104850.0000  -1.051788   0.304431  -0.747357 
   105000.0000  -1.180962   0.422012  -0.758950 
   105150.0000  -1.214858   0.356254  -0.858604 
   105300.0000  -1.094362   0.184565  -0.909797 
   105450.0000  -1.314014   0.302451  -1.011563 
   105600.0000  -1.206882   0.299628  -0.907255 
   105750.0000  -1.203203   0.288072  -0.915131 
   105900.0000  -1.208743   0.382989  -0.825754 
   106050.0000  -1.157734   0.355068  -0.802666 
   106200.0000  -1.142214   0.368506  -0.773708 
   106350.0000  -1.155785   0.354050  -0.801735 
   106500.0000  -1.173749   0.371919  -0.801829 
   106650.0000  -1.016811   0.327378  -0.689433 
   106800.0000  -1.217987   0.303895  -0.914092 
   106950.0000  -1.290913   0.314512  -0.976401 
   107100.0000  -1.094009   0.300063  -0.793946 
   107250.0000  -1.221246   0.355914  -0.865332 
   107400.0000  -1.224240   0.363805  -0.860435 
   107550.0000  -1.247881   0.387751  -0.860130 
   107700.0000  -1.221907   0.309175  -0.912732 
   107850.0000  -1.229166   0.319935  -0.909230 
   108000.0000  -1.168586   0.306081  -0.862505 
   108150.0000  -1.249785   0.339385  -0.910400 
   108300.0000  -1.149746   0.371206  -0.778540 
   108450.0000  -1.094294   0.290253  -0.804040 
   108600.0000  -1.243911   0.346851  -0.897061 
   108750.0000  -1.231098   0.345311  -0.885787 
   108900.0000  -1.103238   0.274130  -0.829107 
   109050.0000  -1.208335   0.239780  -0.968554 
   109200.0000  -1.294594   0.338659  -0.955936 
   109350.0000  -1.195694   0.253219  -0.942474 
   109500.0000  -1.101726   0.326446  -0.775280 
   109650.0000  -1.165104   0.291501  -0.873603 
   109800.0000  -1.285608   0.411588  -0.874020 
   109950.0000  -1.172887   0.404960  -0.767927 
   110100.0000  -1.104021   0.363176  -0.740845 
   110250.0000  -1.082727   0.330331  -0.752397 
   110400.0000  -1.066739   0.356065  -0.710674 
   110550.0000  -0.978092   0.342810  -0.635282 
   110700.0000  -0.828200   0.359569  -0.468632 
   110850.0000  -0.947091   0.295523  -0.651568 
   111000.0000  -0.991895   0.327482  -0.664413 
   111150.0000  -0.969863   0.320483  -0.649380 
   111300.0000  -1.062753   0.272838  -0.789915 
   111450.0000  -1.076483   0.376971  -0.699512 
   111600.0000  -1.057757   0.254523  -0.803234 
   111750.0000  -1.082873   0.351202  -0.731670 
   111900.0000  -1.216693   0.368547  -0.848146 
   112050.0000  -1.237081   0.242383  -0.994698 
   112200.0000  -1.280143   0.324764  -0.955379 
   112350.0000  -1.127413   0.301556  -0.825858 
   112500.0000  -1.187174   0.370935  -0.816239 
   112650.0000  -1.229929   0.290286  -0.939643 
   112800.0000  -1.170208   0.279765  -0.890443 
   112950.0000  -1.228814   0.346512  -0.882302 
   113100.0000  -1.207390   0.359097  -0.848293 
   113250.0000  -1.151071   0.312226  -0.838845 
   113400.0000  -1.063209   0.353694  -0.709515 
   113550.0000  -1.151817   0.308546  -0.843270 
   113700.0000  -1.010581   0.333386  -0.677195 
   113850.0000  -0.782389   0.269749  -0.512640 
   114000.0000  -0.830901   0.318902  -0.511999 
   114150.0000  -0.809558   0.346834  -0.462725 
   114300.0000  -0.925802   0.335246  -0.590557 
   114450.0000  -1.035602   0.448859  -0.586744 
   114600.0000  -0.977881   0.335672  -0.642209 
   114750.0000  -1.133959   0.347334  -0.786625 
   114900.0000  -1.247326   0.430736  -0.816590 
   115050.0000  -1.241325   0.329910  -0.911416 
   115200.0000  -1.078671   0.333320  -0.745351 
   115350.0000  -0.978001   0.333637  -0.644364 
   115500.0000  -1.072411   0.364337  -0.708074 
   115650.0000  -1.035489   0.305427  -0.730062 
   115800.0000  -1.052208   0.320363  -0.731845 
   115950.0000  -1.016405   0.418384  -0.598021 
   116100.0000  -1.106847   0.256165  -0.850682 
   116250.0000  -0.980798   0.292002  -0.688796 
   116400.0000  -1.076375   0.320659  -0.755715 
   116550.0000  -1.079538   0.323078  -0.756460 
   116700.0000  -1.316054   0.325053  -0.991002 
   116850.0000  -1.263210   0.285552  -0.977658 
   117000.0000  -1.173293   0.360132  -0.813161 
   117150.0000  -1.182426   0.272271  -0.910155 
   117300.0000  -1.246293   0.297354  -0.948939 
   117450.0000  -1.104279   0.308817  -0.795461 
   117600.0000  -1.154444   0.331081  -0.823363 
   117750.0000  -1.247602   0.315144  -0.932458 
   117900.0000  -1.098455   0.320031  -0.778424 
   118050.0000  -1.133627   0.346387  -0.787240 
   118200.0000  -1.169538   0.363341  -0.806197 
   118350.0000  -1.061375   0.349159  -0.712216 
   118500.0000  -0.970013   0.328618  -0.641394 
   118650.0000  -1.155524   0.307502  -0.848022 
   118800.0000  -1.156720   0.354904  -0.801816 
   118950.0000  -1.093337   0.385713  -0.707624 
   119100.0000  -1.175332   0.319690  -0.855642 
   119250.0000  -1.247306   0.310330  -0.936976 
   119400.0000  -1.228107   0.348924  -0.879182 
   119550.0000  -1.173885   0.271947  -0.901938 
   119700.0000  -1.237653   0.436697  -0.800956 
   119850.0000  -1.079466   0.249711  -0.829755 
   120000.0000  -1.155537   0.332505  -0.823032 
   120150.0000  -1.236632   0.340041  -0.896591 
   120300.0000  -1.129061   0.310392  -0.818669 
   120450.0000  -1.055209   0.294434  -0.760774 
   120600.0000  -1.040688   0.344898  -0.695790 
   120750.0000  -1.093884   0.388981  -0.704903 
   120900.0000  -1.172836   0.343809  -0.829027 
   121050.0000  -1.222478   0.284679  -0.937799 
   121200.0000  -1.217761   0.310587  -0.907174 
   121350.0000  -1.277152   0.277850  -0.999302 
   121500.0000  -1.299628   0.301678  -0.997950 
   121650.0000  -1.321221   0.397786  -0.923435 
   121800.0000  -1.091205   0.336698  -0.754507 
   121950.0000  -1.179481   0.258161  -0.921320 
   122100.0000  -1.159748   0.342610  -0.817138 
   122250.0000  -1.293446   0.295273  -0.998173 
   122400.0000  -1.325856   0.332424  -0.993431 
   122550.0000  -1.201162   0.312755  -0.888407 
   122700.0000  -1.133219   0.368554  -0.764665 
   122850.0000  -1.067270   0.367654  -0.699615 
   123000.0000  -1.088753   0.294396  -0.794357 
   123150.0000  -1.274614   0.375288  -0.899326 
   123300.0000  -1.127567   0.300996  -0.826571 
   123450.0000  -1.176741   0.319354  -0.857386 
   123600.0000  -1.197539   0.313852  -0.883687 
   123750.0000  -1.273369   0.365443  -0.907925 
   123900.0000  -1.294645   0.380891  -0.913754 
   124050.0000  -1.032102   0.290883  -0.741220 
   124200.0000  -1.109539   0.348778  -0.760761 
   124350.0000  -1.004694   0.334001  -0.670693 
   124500.0000  -1.099930   0.380210  -0.719721 
   124650.0000  -1.230932   0.283220  -0.947712 
   124800.0000  -1.315581   0.312099  -1.003481 
   124950.0000  -1.238266   0.294732  -0.943534 
   125100.0000  -1.324276   0.391228  -0.933048 
   125250.0000  -1.292920   0.305937  -0.986983 
   125400.0000  -1.194971   0.322479  -0.872492 
   125550.0000  -0.987248   0.277070  -0.710178 
   125700.0000  -1.006352   0.349809  -0.656543 
   125850.0000  -0.972418   0.348703  -0.623715 
   126000.0000  -1.096979   0.309014  -0.787966 
   126150.0000  -1.298549   0.374691  -0.923858 
   126300.0000  -1.229895   0.339734  -0.890161 
   126450.0000  -1.168787   0.349225  -0.819563 
   126600.0000  -1.388268   0.323198  -1.065070 
   126750.0000  -1.236694   0.294276  -0.942418 
   126900.0000  -1.197537   0.327962  -0.869575 
   127050.0000  -1.167751   0.341242  -0.826509 
   127200.0000  -1.112964   0.344992  -0.767972 
   127350.0000  -0.971477   0.307484  -0.663993 
   127500.0000  -0.993127   0.328499  -0.664628 
   127650.0000  -1.161609   0.390735  -0.770874 
   127800.0000  -1.141071   0.384312  -0.756758 
   127950.0000  -1.147764   0.415426  -0.732338 
   128100.0000  -1.016532   0.369308  -0.647224 
   128250.0000  -1.227625   0.404407  -0.823217 
   128400.0000  -1.253434   0.319421  -0.934012 
   128550.0000  -1.323934   0.470238  -0.853696 
   128700.0000  -1.266140   0.381041  -0.885098 
   128850.0000  -1.096930   0.275672  -0.821258 
   129000.0000  -1.155788   0.257660  -0.898128 
   129150.0000  -1.218990   0.287436  -0.931553 
   129300.0000  -1.033792   0.287813  -0.745979 
   129450.0000  -1.054726   0.275746  -0.778980 
   129600.0000  -1.183182   0.332417  -0.850765 
   129750.0000  -1.151207   0.311372  -0.839835 
   129900.0000  -1.205428   0.412517  -0.792911 
   130050.0000  -1.186890   0.399212  -0.787677 
   130200.0000  -1.099768   0.386654  -0.713114 
   130350.0000  -1.074854   0.273117  -0.801737 
   130500.0000  -1.069086   0.371136  -0.697951 
   130650.0000  -1.095216   0.307747  -0.787469 
   130800.0000  -1.067808   0.342440  -0.725368 
   130950.0000  -1.005081   0.334970  -0.670111 
   131100.0000  -1.169916   0.358044  -0.811872 
   131250.0000  -1.076656   0.250594  -0.826062 
   131400.0000  -1.171846   0.387173  -0.784672 
   131550.0000  -1.172142   0.342049  -0.830093 
   131700.0000  -1.078308   0.314691  -0.763617 
   131850.0000  -1.072490   0.357958  -0.714531 
   132000.0000  -1.050457   0.317343  -0.733114 
   132150.0000  -1.170187   0.268141  -0.902046 
   132300.0000  -1.154453   0.334159  -0.820295 
   132450.0000  -1.137513   0.290429  -0.847084 
   132600.0000  -1.314243   0.311411  -1.002832 
   132750.0000  -1.205688   0.290256  -0.915432 
   132900.0000  -1.198520   0.363352  -0.835168 
   133050.0000  -1.259799   0.297679  -0.962120 
   133200.0000  -1.303057   0.334817  -0.968240 
   133350.0000  -1.252037   0.341743  -0.910295 
   133500.0000  -1.169574   0.268056  -0.901518 
   133650.0000  -1.175483   0.294316  -0.881167 
   133800.0000  -1.236016   0.424914  -0.811102 
   133950.0000  -1.258605   0.368220  -0.890384 
   134100.0000  -1.233685   0.318613  -0.915073 
   134250.0000  -1.216646   0.298270  -0.918377 
   134400.0000  -1.229995   0.337128  -0.892867 
   134550.0000  -1.221140   0.342769  -0.878371 
   134700.0000  -1.150474   0.302318  -0.848156 
   134850.0000  -1.249064   0.364068  -0.884996 
   135000.0000  -1.144516   0.291826  -0.852690 
   135150.0000  -1.175016   0.390704  -0.784312 
   135300.0000  -0.938418   0.381850  -0.556568 
   135450.0000  -1.091882   0.399481  -0.692401 
   135600.0000  -1.003430   0.384052  -0.619378 
   135750.0000  -1.084020   0.358600  -0.725420 
   135900.0000  -0.972424   0.335687  -0.636737 
   136050.0000  -0.961362   0.397398  -0.563964 
   136200.0000  -0.933109   0.313916  -0.619194 
   136350.0000  -1.102530   0.440281  -0.662249 
   136500.0000  -1.040361   0.258917  -0.781444 
   136650.0000  -0.997451   0.278157  -0.719294 
   136800.0000  -1.096730   0.301463  -0.795267 
   136950.0000  -1.017795   0.305458  -0.712337 
   137100.0000  -1.179108   0.289105  -0.890003 
   137250.0000  -1.206599   0.325446  -0.881153 
   137400.0000  -1.223807   0.365829  -0.857978 
   137550.0000  -1.122852   0.304308  -0.818544 
   137700.0000  -1.187863   0.412308  -0.775555 
   137850.0000  -0.937282   0.289330  -0.647952 
   138000.0000  -1.019167   0.320191  -0.698977 
   138150.0000  -1.171513   0.262743  -0.908770 
   138300.0000  -1.157222   0.362899  -0.794324 
   138450.0000  -1.053129   0.262688  -0.790441 
   138600.0000  -1.293104   0.418211  -0.874892 
   138750.0000  -1.203090   0.419437  -0.783653 
   138900.0000  -1.264744   0.320171  -0.944572 
   139050.0000  -1.149842   0.332703  -0.817139 
   139200.0000  -1.212152   0.362539  -0.849613 
   139350.0000  -1.093053   0.325717  -0.767335 
   139500.0000  -1.193118   0.350726  -0.842392 
   139650.0000  -1.040011   0.411775  -0.628236 
   139800.0000  -1.109757   0.387219  -0.722538 
   139950.0000  -1.245858   0.334791  -0.911067 
   140100.0000  -1.204853   0.271131  -0.933722 
   140250.0000  -1.216357   0.392712  -0.823645 
   140400.0000  -1.226172   0.356374  -0.869798 
   140550.0000  -1.135673   0.281282  -0.854391 
   140700.0000  -1.087300   0.353575  -0.733725 
   140850.0000  -1.167837   0.349167  -0.818670 
   141000.0000  -1.325062   0.357879  -0.967182 
   141150.0000  -1.188746   0.348904  -0.839842 
   141300.0000  -1.282869   0.297442  -0.985426 
   141450.0000  -1.221772   0.287897  -0.933875 
   141600.0000  -1.187546   0.288586  -0.898961 
   141750.0000  -1.211528   0.276001  -0.935527 
   141900.0000  -1.265887   0.284860  -0.981027 
   142050.0000  -1.287195   0.300085  -0.987110 
   142200.0000  -1.313730   0.314084  -0.999646 
   142350.0000  -1.268620   0.274961  -0.993660 
   142500.0000  -1.213552   0.411709  -0.801843 
   142650.0000  -1.323793   0.337938  -0.985855 
   142800.0000  -1.324641   0.329289  -0.995353 
   142950.0000  -1.252868   0.275494  -0.977373 
   143100.0000  -1.196022   0.385847  -0.810175 
   143250.0000  -1.153736   0.260080  -0.893656 
   143400.0000  -1.102426   0.310860  -0.791566 
   143550.0000  -1.187494   0.382797  -0.804697 
   143700.0000  -1.180523   0.411169  -0.769354 
   143850.0000  -1.365338   0.282339  -1.082999 
   144000.0000  -1.294843   0.382316  -0.912527 
   144150.0000  -1.145730   0.320846  -0.824884 
   144300.0000  -1.268779   0.277320  -0.991459 
   144450.0000  -1.189828   0.381366  -0.808462 
   144600.0000  -1.137645   0.364021  -0.773624 
   144750.0000  -1.092383   0.368206  -0.724178 
   144900.0000  -1.058711   0.336087  -0.722624 
   145050.0000  -1.069379   0.364156  -0.705223 
   145200.0000  -1.180103   0.297656  -0.882447 
   145350.0000  -1.130496   0.301914  -0.828582 
   145500.0000  -1.124163   0.336435  -0.787728 
   145650.0000  -1.195938   0.357814  -0.838124 
   145800.0000  -1.126598   0.325480  -0.801118 
   145950.0000  -1.181962   0.368149  -0.813813 
   146100.0000  -1.102080   0.296706  -0.805374 
   146250.0000  -1.109151   0.382436  -0.726715 
   146400.0000  -0.876270   0.274675  -0.601595 
   146550.0000  -1.032534   0.280907  -0.751628 
   146700.0000  -1.101705   0.337056  -0.764649 
   146850.0000  -1.217393   0.368659  -0.848734 
   147000.0000  -1.179004   0.286781  -0.892223 
   147150.0000  -1.251430   0.340872  -0.910558 
   147300.0000  -1.236872   0.302223  -0.934650 
   147450.0000  -1.237815   0.361160  -0.876654 
   147600.0000  -1.132736   0.440319  -0.692417 
   147750.0000  -0.913303   0.349189  -0.564114 
   147900.0000  -0.956632   0.364470  -0.592162 
   148050.0000  -0.900066   0.302671  -0.597395 
   148200.0000  -0.972735   0.360901  -0.611834 
   148350.0000  -0.928255   0.379793  -0.548462 
   148500.0000  -0.967876   0.373127  -0.594749 
   148650.0000  -0.945287   0.335017  -0.610270 
   148800.0000  -0.905101   0.316818  -0.588283 
   148950.0000  -1.096238   0.354298  -0.741940 
   149100.0000  -1.254747   0.346048  -0.908699 
   149250.0000  -1.331544   0.370169  -0.961375 
   149400.0000  -1.200602   0.344760  -0.855842 
   149550.0000  -1.153868   0.354349  -0.799520 
   149700.0000  -1.167437   0.265627  -0.901810 
   149850.0000  -1.146889   0.267522  -0.879366 
   150000.0000  -1.242856   0.326928  -0.915929 
   150150.0000  -1.209864   0.326025  -0.883839 
   150300.0000  -1.177240   0.360077  -0.817162 
   150450.0000  -1.179492   0.292868  -0.886624 
   150600.0000  -1.217337   0.409067  -0.808270 
   150750.0000  -1.083474   0.335320  -0.748154 
   150900.0000  -1.157387   0.382624  -0.774763 
   151050.0000  -1.079234   0.310297  -0.768937 
   151200.0000  -0.936708   0.308889  -0.627819 
   151350.0000  -1.108996   0.357214  -0.751782 
   151500.0000  -1.007693   0.262534  -0.745160 
   151650.0000  -0.891325   0.368232  -0.523093 
   151800.0000  -0.970339   0.394696  -0.575643 
   151950.0000  -0.961188   0.401711  -0.559477 
   152100.0000  -1.021408   0.310907  -0.710500 
   152250.0000  -1.056806   0.309619  -0.747186 
   152400.0000  -1.076193   0.325875  -0.750318 
   152550.0000  -1.015233   0.279778  -0.735454 
   152700.0000  -0.924384   0.413081  -0.511303 
   152850.0000  -0.866810   0.415762  -0.451047 
   153000.0000  -1.129009   0.303411  -0.825598 
   153150.0000  -1.122712   0.307756  -0.814956 
   153300.0000  -1.037576   0.303068  -0.734508 
   153450.0000  -1.184568   0.331549  -0.853019 
   153600.0000  -1.103902   0.302993  -0.800910 
   153750.0000  -1.142472   0.274798  -0.867674 
   153900.0000  -1.263880   0.332385  -0.931495 
   154050.0000  -1.248114   0.392254  -0.855860 
   154200.0000  -1.308493   0.353115  -0.955378 
   154350.0000  -1.147088   0.382320  -0.764768 
   154500.0000  -1.250448   0.384353  -0.866095 
   154650.0000  -1.165676   0.311668  -0.854008 
   154800.0000  -1.276061   0.384803  -0.891258 
   154950.0000  -1.214022   0.260699  -0.953323 
   155100.0000  -1.322115   0.329051  -0.993065 
   155250.0000  -1.162979   0.266663  -0.896316 
   155400.0000  -1.106014   0.294106  -0.811908 
   155550.0000  -1.019091   0.349417  -0.669673 
   155700.0000  -1.170149   0.327599  -0.842551 
   155850.0000  -1.078707   0.331439  -0.747268 
   156000.0000  -1.153233   0.343332  -0.809902 
   156150.0000  -1.246539   0.273303  -0.973237 
   156300.0000  -1.110162   0.350058  -0.760104 
   156450.0000  -1.241953   0.284635  -0.957317 
   156600.0000  -1.154199   0.327209  -0.826990 
   156750.0000  -1.235629   0.304181  -0.931447 
   156900.0000  -1.343238   0.342510  -1.000729 
   157050.0000  -1.304313   0.312812  -0.991501 
   157200.0000  -1.320385   0.336087  -0.984297 
   157350.0000  -1.329208   0.325853  -1.003355 
   157500.0000  -1.260581   0.309382  -0.951199 
   157650.0000  -1.131165   0.297103  -0.834061 
   157800.0000  -1.297652   0.337258  -0.960394 
   157950.0000  -1.226644   0.305454  -0.921189 
   158100.0000  -1.247103   0.314406  -0.932698 
   158250.0000  -1.266700   0.312706  -0.953994 
   158400.0000  -1.193831   0.319334  -0.874498 
   158550.0000  -1.216389   0.404308  -0.812081 
   158700.0000  -1.169124   0.318906  -0.850218 
   158850.0000  -1.172977   0.291104  -0.881873 
   159000.0000  -1.341977   0.363103  -0.978874 
   159150.0000  -1.244267   0.375840  -0.868427 
   159300.0000  -1.229125   0.347320  -0.881805 
   159450.0000  -1.258663   0.326749  -0.931914 
   159600.0000  -1.224895   0.298594  -0.926301 
   159750.0000  -1.190427   0.280680  -0.909748 
   159900.0000  -1.226329   0.385767  -0.840562 
   160050.0000  -1.146580   0.366986  -0.779594 
   160200.0000  -1.139972   0.371351  -0.768621 
   160350.0000  -1.058061   0.269626  -0.788435 
   160500.0000  -0.989952   0.297239  -0.692713 
   160650.0000  -1.036006   0.369542  -0.666464 
   160800.0000  -0.958457   0.308784  -0.649674 
   160950.0000  -0.922552   0.319997  -0.602555 
   161100.0000  -0.879142   0.279812  -0.599330 
   161250.0000  -1.173945   0.340837  -0.833108 
   161400.0000  -0.956606   0.345557  -0.611049 
   161550.0000  -0.894278   0.381686  -0.512592 
   161700.0000  -0.709671   0.365549  -0.344122 
   161850.0000  -0.832980   0.304806  -0.528173 
   162000.0000  -0.833528   0.338500  -0.495027 
   162150.0000  -1.047051   0.500978  -0.546074 
   162300.0000  -1.084297   0.278285  -0.806011 
   162450.0000  -0.996196   0.327545  -0.668651 
   162600.0000  -1.003872   0.330210  -0.673661 
   162750.0000  -1.073691   0.346058  -0.727633 
   162900.0000  -1.093946   0.312563  -0.781383 
   163050.0000  -1.126718   0.460152  -0.666566 
   163200.0000  -1.183088   0.287058  -0.896031 
   163350.0000  -1.130062   0.441826  -0.688236 
   163500.0000  -1.101159   0.338907  -0.762252 
   163650.0000  -1.221452   0.358945  -0.862506 
   163800.0000  -1.084546   0.319770  -0.764775 
   163950.0000  -1.087365   0.326043  -0.761322 
   164100.0000  -1.219677   0.392877  -0.826800 
   164250.0000  -1.259464   0.357020  -0.902444 
   164400.0000  -1.200760   0.303897  -0.896863 
   164550.0000  -1.144616   0.265661  -0.878955 
   164700.0000  -1.190442   0.320572  -0.869869 
   164850.0000  -1.180504   0.287368  -0.893136 
   165000.0000  -1.315977   0.336285  -0.979692 
   165150.0000  -1.317324   0.389385  -0.927939 
   165300.0000  -1.211849   0.302815  -0.909033 
   165450.0000  -1.163259   0.337205  -0.826054 
   165600.0000  -1.223358   0.365359  -0.857999 
   165750.0000  -1.171363   0.262215  -0.909148 
   165900.0000  -1.061457   0.370788  -0.690669 
   166050.0000  -1.034101   0.334033  -0.700069 
   166200.0000  -1.019958   0.318687  -0.701271 
   166350.0000  -1.065287   0.327199  -0.738088 
   166500.0000  -1.087378   0.274481  -0.812897 
   166650.0000  -1.096385   0.331899  -0.764486 
   166800.0000  -1.047060   0.391103  -0.655957 
   166950.0000  -1.049129   0.284475  -0.764654 
   167100.0000  -1.117650   0.255109  -0.862542 
   167250.0000  -1.212933   0.316472  -0.896461 
   167400.0000  -1.017117   0.407079  -0.610038 
   167550.0000  -0.990122   0.272902  -0.717219 
   167700.0000  -1.063332   0.401268  -0.662064 
   167850.0000  -1.204018   0.355788  -0.848230 
   168000.0000  -1.239398   0.337502  -0.901896 
   168150.0000  -1.176214   0.298643  -0.877571 
   168300.0000  -1.079890   0.276621  -0.803269 
   168450.0000  -0.995370   0.287984  -0.707386 
   168600.0000  -1.088108   0.332115  -0.755992 
   168750.0000  -1.139359   0.333189  -0.806170 
   168900.0000  -1.115975   0.355438  -0.760536 
   169050.0000  -0.986675   0.303152  -0.683523 
   169200.0000  -0.938148   0.234651  -0.703497 
   169350.0000  -0.903728   0.329374  -0.574354 
   169500.0000  -1.017685   0.376579  -0.641106 
   169650.0000  -0.968012   0.347396  -0.620616 
   169800.0000  -0.922603   0.257836  -0.664767 
   169950.0000  -0.968992   0.389290  -0.579701 
   170100.0000  -0.990150   0.355401  -0.634748 
   170250.0000  -1.009683   0.267882  -0.741801 
   170400.0000  -1.114355   0.282626  -0.831730 
   170550.0000  -1.172421   0.353305  -0.819117 
   170700.0000  -1.026261   0.349337  -0.676924 
   170850.0000  -0.897684   0.409097  -0.488587 
   171000.0000  -1.114829   0.348790  -0.766039 
   171150.0000  -1.070209   0.339369  -0.730840 
   171300.0000  -0.970793   0.318201  -0.652592 
   171450.0000  -1.030493   0.365380  -0.665113 
   171600.0000  -0.988937   0.329027  -0.659909 
   171750.0000  -0.976321   0.388536  -0.587784 
   171900.0000  -1.076669   0.360819  -0.715850 
   172050.0000  -1.167275   0.358099  -0.809176 
   172200.0000  -1.126380   0.392025  -0.734355 
   172350.0000  -1.231866   0.370376  -0.861490 
   172500.0000  -1.259908   0.255244  -1.004664 
   172650.0000  -1.239319   0.301151  -0.938167 
   172800.0000  -1.285806   0.396237  -0.889570 
   172950.0000  -1.144704   0.329637  -0.815067 
   173100.0000  -1.317318   0.385146  -0.932172 
   173250.0000  -1.176800   0.250473  -0.926327 
   173400.0000  -1.194152   0.307720  -0.886433 
   173550.0000  -1.118875   0.384482  -0.734393 
   173700.0000  -1.178021   0.334637  -0.843384 
   173850.0000  -1.201282   0.326958  -0.874324 
   174000.0000  -1.249510   0.368394  -0.881116 
   174150.0000  -1.217783   0.294317  -0.923466 
   174300.0000  -1.150062   0.279579  -0.870483 
   174450.0000  -1.185433   0.279357  -0.906076 
   174600.0000  -1.235524   0.364691  -0.870834 
   174750.0000  -1.233686   0.333715  -0.899971 
   174900.0000  -1.168312   0.363114  -0.805197 
   175050.0000  -1.144883   0.271301  -0.873582 
   175200.0000  -1.182907   0.258634  -0.924273 
   175350.0000  -1.115012   0.278471  -0.836541 
   175500.0000  -1.312799   0.367177  -0.945621 
   175650.0000  -1.222188   0.330764  -0.891425 
   175800.0000  -1.138380   0.322281  -0.816099 
   175950.0000  -1.198183   0.309693  -0.888491 
   176100.0000  -1.104699   0.367953  -0.736746 
   176250.0000  -0.970673   0.308631  -0.662042 
   176400.0000  -1.058005   0.254598  -0.803406 
   176550.0000  -1.168550   0.355257  -0.813293 
   176700.0000  -1.240379   0.320560  -0.919819 
   176850.0000  -1.338060   0.297723  -1.040337 
   177000.0000  -1.067027   0.216545  -0.850482 
   177150.0000  -1.044356   0.254901  -0.789455 
   177300.0000  -1.103534   0.248159  -0.855375 
   177450.0000  -1.009443   0.321640  -0.687803 
   177600.0000  -1.073833   0.340102  -0.733730 
   177750.0000  -1.105585   0.294806  -0.810779 
   177900.0000  -1.142117   0.348183  -0.793934 
   178050.0000  -1.112534   0.341668  -0.770867 
   178200.0000  -1.243265   0.304368  -0.938897 
   178350.0000  -1.293297   0.313506  -0.979791 
   178500.0000  -1.246596   0.401094  -0.845502 
   178650.0000  -1.175750   0.406928  -0.768822 
   178800.0000  -1.153621   0.410239  -0.743382 
   178950.0000  -0.983090   0.359739  -0.623352 
   179100.0000  -1.093361   0.359159  -0.734202 
   179250.0000  -1.119664   0.301316  -0.818348 
   179400.0000  -1.134722   0.267751  -0.866970 
   179550.0000  -1.295523   0.254483  -1.041040 
   179700.0000  -1.326658   0.319938  -1.006720 
   179850.0000  -1.194099   0.376597  -0.817502 
   180000.0000  -1.168497   0.278089  -0.890408 
