t = 60000000
b = 15 15 15
E = -0.890408066480809 -1.16849732375189 0.278089257271081
-241.896939699628 -249.938503354886 164.569634346473 0.780188178635527 0.593336364301781 0.198137237071992 -0.362236130754628 0.686757224355664 -0.630197985058046 -0.333393237645551 -0.0320554496957504 -0.276451093834466 -0.151585436683822 -0.434856705450604 -0.0608543760944972
-242.092503691906 -249.520104365814 164.524890011333 0.894437130250032 0.138909835191019 -0.425072085318821 -0.401781721486157 0.666974773857738 -0.627468006608337 0.209104821915734 0.236484916983753 0.113551307409536 -0.01631777908493 -0.214092998456817 0.0902173596364744
-242.102937934486 -248.990400091505 164.396649916727 0.619414434292097 -0.431625859874798 -0.6557628196825 -0.171933999202803 0.740437131290828 -0.649762690929496 0.0334259900221938 -0.415724156284947 0.129327732421688 0.263791845524724 0.0585412003735407 0.772330667168013
-241.815986547712 -248.620642196622 164.174911607769 -0.00427358575173942 -0.577003994151654 -0.816730143436533 0.06386991729962 0.814912484712264 -0.576054056425458 0.00629525859259097 -0.37545041042983 0.363528178236218 -0.381489791223596 -0.330964088041919 0.236788698646698
-241.547914543369 -248.322645288067 163.803212057287 -0.749975084626764 -0.404150948985235 -0.523640509198259 0.0801638694767974 0.730267857821324 -0.678441309078067 -0.0363296496833542 0.000782489980357765 0.174467308891231 0.0183493202280329 0.64575584668228 -0.351796856381884
-241.448614987463 -248.096852358231 163.213682133952 -0.936032333096405 -0.350999915926127 0.0253481837209804 -0.270740930039155 0.672239579809229 -0.689052462545085 -0.203628348835418 0.274541681360249 -0.336965670264569 -0.0902463178760488 0.417673809531767 -0.445482642065513
-241.464912321199 -248.065600466394 162.732082645521 -0.84855578069372 0.263272010403541 0.458956354776083 -0.180071951982666 0.671941825813688 -0.718378921483168 -0.194452553261914 -0.4879726421969 0.0710517934109004 -0.503008632584669 -0.425554780165406 -0.360973652576087
-241.819968992333 -247.864280046006 162.399516053377 -0.132752448258738 0.640610008431629 0.756303910196516 -0.000770802075419541 0.762990602829442 -0.646409116472011 0.134297085087985 0.0936555029586557 0.601369774992429 -0.256565626294002 0.203644272437567 -0.180990657736677
-241.068521162244 -247.19113207337 162.504443406555 0.555859237460134 -0.374282169902886 0.742248856801427 0.349355204070239 -0.705039924514486 -0.617146373423396 0.148044085838016 -0.151950328310706 -0.332509594398556 0.449931865676182 0.210147233947726 0.231826907263635
-242.563911625187 -247.756464920559 162.019605383678 -0.411656210942392 -0.90753795080224 -0.0831506575213028 0.171821998603711 -0.166892842912706 0.970888242683133 0.0215666671469239 0.786819068028424 0.141497389394861 -0.382804810950812 -0.649533559599484 -0.308565435798992
-242.584425122194 -247.87277401545 162.535482409725 0.346715062448459 -0.800449340691532 -0.488947357552788 0.287365202394567 -0.405566357666895 0.867719522646309 -0.0282743204421187 -0.469868028880025 0.418205717832227 -0.197133608718848 -0.228032537224118 -0.163057911213954
-242.64400233166 -248.201108538921 162.863611367535 0.866773453624337 -0.307704711328818 -0.392455845565062 0.201051245058804 -0.504561446720745 0.839640484578593 0.66058888520486 0.102631688831937 -0.0839008870631031 0.0762752056464428 0.332434074655159 -0.0561733377138837
-242.557938945446 -248.64019343042 163.090910943207 0.94153773733797 0.321965341161435 -0.0992220149931245 0.287996648469309 -0.616327575756038 0.732938094134239 -0.206387526123433 -0.237310140914084 -0.206288365177487 -0.154816298331499 -0.0439066526785446 0.0814443122270226
-242.274111558783 -249.065615151587 163.163573981715 0.598512840955077 0.703425984749611 0.383372225377535 0.377884956958317 -0.669857985903567 0.639134757328866 0.121851188974115 0.659677593727653 -0.177441632401575 -0.308074895667497 -0.321888350086968 -0.296093065819135
-241.75972229273 -249.361309024919 163.258537029092 -0.0571336374438822 0.656518367904856 0.752143191204957 0.233406308400726 -0.723712389317156 0.649431961599981 -0.0446444576881009 -0.0316088170724139 0.141349934329706 -0.152340296650968 -0.323304225785914 -0.285185427901475
-241.328004982505 -249.500360739575 163.565685504829 -0.70159786558303 0.36626315346956 0.61123787302479 0.214262884308023 -0.709658101022836 0.671175681964617 -0.0737474126917277 0.221036450356973 0.0618399489182184 -0.00754806056666261 -0.228951615060612 -0.44480022883049
-241.172923718049 -249.62510990759 164.007168194962 -0.98062588313072 -0.154082236770706 0.120960909577562 0.195724379733184 -0.796068093265577 0.572684518790729 0.398475552034324 -0.219970526422651 0.0581088414440992 -0.0693954030308212 0.0985583226281494 0.0572505013382044
-241.023611969213 -249.83773135161 164.444066024955 -0.88019967100711 -0.413552794405412 -0.232857521670333 0.0944930994395387 -0.633516967615641 0.767937045532635 -0.566078150559406 0.387213970106669 0.191392381714767 -0.270562665602919 0.281990350206655 -0.469710927136283
