        0.0000   9.331970   0.286846   9.618816 
       30.0000   1.586874   4.323762   5.910636 
       60.0000   0.854318   2.338771   3.193089 
       90.0000   0.419006   1.525726   1.944732 
      120.0000   0.142077   1.132885   1.274962 
      150.0000   0.071348   0.801170   0.872517 
      180.0000   0.096810   0.611367   0.708178 
      210.0000  -0.058270   0.512811   0.454540 
      240.0000  -0.133653   0.448641   0.314988 
      270.0000  -0.110899   0.411528   0.300629 
      300.0000  -0.101582   0.351111   0.249529 
      330.0000  -0.200514   0.369503   0.168988 
      360.0000  -0.209064   0.301042   0.091978 
      390.0000  -0.391659   0.366961  -0.024698 
      420.0000  -0.397789   0.308542  -0.089247 
      450.0000  -0.344362   0.271920  -0.072442 
      480.0000  -0.441957   0.342305  -0.099652 
      510.0000  -0.500002   0.325820  -0.174182 
      540.0000  -0.495980   0.279575  -0.216404 
      570.0000  -0.551579   0.345278  -0.206301 
      600.0000  -0.534975   0.303938  -0.231038 
      630.0000  -0.578918   0.318641  -0.260277 
      660.0000  -0.570883   0.265974  -0.304909 
      690.0000  -0.569309   0.274213  -0.295097 
      720.0000  -0.561213   0.281212  -0.280001 
      750.0000  -0.680778   0.304143  -0.376635 
      780.0000  -0.680693   0.320438  -0.360255 
      810.0000  -0.620597   0.260053  -0.360544 
      840.0000  -0.616508   0.324765  -0.291743 
      870.0000  -0.688052   0.327625  -0.360427 
      900.0000  -0.621952   0.257416  -0.364536 
      930.0000  -0.660328   0.289190  -0.371139 
      960.0000  -0.644787   0.289420  -0.355368 
      990.0000  -0.581455   0.265899  -0.315556 
     1020.0000  -0.598846   0.287160  -0.311687 
     1050.0000  -0.606018   0.343905  -0.262113 
     1080.0000  -0.603921   0.282984  -0.320936 
     1110.0000  -0.582347   0.302865  -0.279482 
     1140.0000  -0.689883   0.405019  -0.284864 
     1170.0000  -0.628910   0.277285  -0.351625 
     1200.0000  -0.656394   0.309906  -0.346488 
     1230.0000  -0.659385   0.288627  -0.370758 
     1260.0000  -0.810629   0.314896  -0.495733 
     1290.0000  -0.708155   0.317656  -0.390499 
     1320.0000  -0.667959   0.316007  -0.351952 
     1350.0000  -0.688849   0.270691  -0.418159 
     1380.0000  -0.745696   0.290146  -0.455551 
     1410.0000  -0.767413   0.277313  -0.490099 
     1440.0000  -0.799913   0.299049  -0.500864 
     1470.0000  -0.811615   0.307236  -0.504378 
     1500.0000  -0.762448   0.261540  -0.500908 
     1530.0000  -0.671621   0.249663  -0.421958 
     1560.0000  -0.768812   0.349672  -0.419140 
     1590.0000  -0.717501   0.278897  -0.438604 
     1620.0000  -0.871123   0.411833  -0.459290 
     1650.0000  -0.823359   0.328615  -0.494743 
     1680.0000  -0.765180   0.305830  -0.459349 
     1710.0000  -0.732610   0.301781  -0.430829 
     1740.0000  -0.872592   0.337049  -0.535543 
     1770.0000  -0.874133   0.246960  -0.627173 
     1800.0000  -0.907754   0.244340  -0.663414 
     1830.0000  -0.933290   0.303700  -0.629590 
     1860.0000  -0.951525   0.306944  -0.644580 
     1890.0000  -0.916884   0.286795  -0.630089 
     1920.0000  -0.861508   0.328461  -0.533047 
     1950.0000  -0.879703   0.300801  -0.578902 
     1980.0000  -0.970189   0.360722  -0.609467 
     2010.0000  -1.009921   0.311581  -0.698340 
     2040.0000  -0.994492   0.273504  -0.720987 
     2070.0000  -0.965029   0.274218  -0.690811 
     2100.0000  -0.846199   0.159877  -0.686322 
     2130.0000  -0.879413   0.246464  -0.632949 
     2160.0000  -0.898680   0.253761  -0.644919 
     2190.0000  -0.851355   0.254477  -0.596879 
     2220.0000  -0.824314   0.224068  -0.600247 
     2250.0000  -0.815683   0.224535  -0.591149 
     2280.0000  -0.845950   0.227755  -0.618194 
     2310.0000  -0.810385   0.228118  -0.582268 
     2340.0000  -0.874118   0.318990  -0.555129 
     2370.0000  -0.891481   0.305553  -0.585929 
     2400.0000  -0.930659   0.323656  -0.607002 
     2430.0000  -0.964665   0.263813  -0.700851 
     2460.0000  -1.002666   0.290636  -0.712030 
     2490.0000  -0.951718   0.318080  -0.633638 
     2520.0000  -0.989790   0.322822  -0.666968 
     2550.0000  -0.968771   0.310359  -0.658412 
     2580.0000  -0.937031   0.343020  -0.594011 
     2610.0000  -0.931544   0.362934  -0.568611 
     2640.0000  -0.923565   0.308070  -0.615495 
     2670.0000  -0.903187   0.320202  -0.582985 
     2700.0000  -1.028950   0.369601  -0.659349 
     2730.0000  -0.957588   0.292387  -0.665201 
     2760.0000  -1.019537   0.342461  -0.677076 
     2790.0000  -0.950237   0.281005  -0.669233 
     2820.0000  -0.918056   0.311660  -0.606397 
     2850.0000  -0.913648   0.269124  -0.644524 
     2880.0000  -0.957723   0.277675  -0.680048 
     2910.0000  -0.954049   0.342554  -0.611495 
     2940.0000  -0.908299   0.374410  -0.533889 
     2970.0000  -0.865255   0.324854  -0.540401 
     3000.0000  -0.849970   0.264470  -0.585500 
     3030.0000  -0.994830   0.415876  -0.578954 
     3060.0000  -0.917938   0.297157  -0.620781 
     3090.0000  -0.904519   0.272020  -0.632500 
     3120.0000  -1.018369   0.384168  -0.634201 
     3150.0000  -0.937988   0.261183  -0.676805 
     3180.0000  -0.989259   0.301559  -0.687700 
     3210.0000  -0.999084   0.303992  -0.695092 
     3240.0000  -0.884266   0.207944  -0.676322 
     3270.0000  -0.884486   0.259585  -0.624901 
     3300.0000  -0.914995   0.313831  -0.601164 
     3330.0000  -0.912228   0.295372  -0.616856 
     3360.0000  -0.829902   0.265786  -0.564117 
     3390.0000  -0.820201   0.336311  -0.483891 
     3420.0000  -0.771312   0.285549  -0.485763 
     3450.0000  -0.836106   0.330276  -0.505830 
     3480.0000  -0.859692   0.293133  -0.566560 
     3510.0000  -0.818752   0.259245  -0.559507 
     3540.0000  -0.854610   0.288526  -0.566084 
     3570.0000  -0.921629   0.289956  -0.631673 
     3600.0000  -0.889691   0.255141  -0.634551 
     3630.0000  -0.868385   0.344562  -0.523823 
     3660.0000  -0.876963   0.362135  -0.514828 
     3690.0000  -0.986517   0.405615  -0.580901 
     3720.0000  -0.872616   0.283039  -0.589577 
     3750.0000  -0.885131   0.309451  -0.575680 
     3780.0000  -0.874808   0.293306  -0.581502 
     3810.0000  -0.851915   0.310976  -0.540939 
     3840.0000  -0.804751   0.309467  -0.495284 
     3870.0000  -0.782403   0.286853  -0.495550 
     3900.0000  -0.887349   0.305444  -0.581905 
     3930.0000  -0.869431   0.233033  -0.636398 
     3960.0000  -0.885140   0.333289  -0.551851 
     3990.0000  -0.872063   0.319472  -0.552591 
     4020.0000  -0.948013   0.294582  -0.653432 
     4050.0000  -0.952081   0.276411  -0.675670 
     4080.0000  -0.921120   0.223626  -0.697494 
     4110.0000  -0.945415   0.298808  -0.646607 
     4140.0000  -0.872827   0.252011  -0.620817 
     4170.0000  -0.971084   0.366166  -0.604918 
     4200.0000  -0.892624   0.231978  -0.660646 
     4230.0000  -0.920023   0.203345  -0.716678 
     4260.0000  -0.878179   0.211862  -0.666318 
     4290.0000  -0.876523   0.240983  -0.635540 
     4320.0000  -0.891573   0.305772  -0.585801 
     4350.0000  -0.837633   0.292221  -0.545412 
     4380.0000  -0.868312   0.221329  -0.646983 
     4410.0000  -0.950252   0.278338  -0.671913 
     4440.0000  -0.982147   0.303449  -0.678699 
     4470.0000  -0.891616   0.250791  -0.640825 
     4500.0000  -0.933470   0.298839  -0.634631 
     4530.0000  -0.948269   0.322161  -0.626108 
     4560.0000  -0.966566   0.334189  -0.632376 
     4590.0000  -0.997800   0.306291  -0.691510 
     4620.0000  -0.984222   0.276956  -0.707265 
     4650.0000  -0.993132   0.289552  -0.703579 
     4680.0000  -0.979985   0.260181  -0.719804 
     4710.0000  -0.931036   0.243762  -0.687274 
     4740.0000  -0.953048   0.227975  -0.725073 
     4770.0000  -1.010332   0.314892  -0.695440 
     4800.0000  -0.998108   0.307028  -0.691081 
     4830.0000  -0.980165   0.284690  -0.695474 
     4860.0000  -0.943886   0.179332  -0.764554 
     4890.0000  -1.008069   0.200356  -0.807713 
     4920.0000  -0.966831   0.222194  -0.744638 
     4950.0000  -0.974459   0.226072  -0.748387 
     4980.0000  -0.979296   0.234427  -0.744869 
     5010.0000  -0.960541   0.288867  -0.671674 
     5040.0000  -0.899751   0.244662  -0.655089 
     5070.0000  -0.916080   0.320665  -0.595414 
     5100.0000  -0.885179   0.344423  -0.540756 
     5130.0000  -0.814867   0.276098  -0.538769 
     5160.0000  -0.797527   0.259509  -0.538018 
     5190.0000  -0.815652   0.258742  -0.556910 
     5220.0000  -0.844680   0.313431  -0.531249 
     5250.0000  -0.882794   0.377848  -0.504947 
     5280.0000  -0.955592   0.373492  -0.582100 
     5310.0000  -0.850343   0.302042  -0.548301 
     5340.0000  -0.901667   0.222757  -0.678910 
     5370.0000  -0.911145   0.223317  -0.687828 
     5400.0000  -0.887900   0.206451  -0.681449 
     5430.0000  -0.909399   0.255696  -0.653703 
     5460.0000  -0.849566   0.293411  -0.556154 
     5490.0000  -0.931110   0.316346  -0.614765 
     5520.0000  -0.886539   0.183624  -0.702915 
     5550.0000  -0.911621   0.267615  -0.644006 
     5580.0000  -0.969237   0.304997  -0.664240 
     5610.0000  -0.981384   0.253198  -0.728186 
     5640.0000  -0.941439   0.265412  -0.676028 
     5670.0000  -0.960482   0.248826  -0.711656 
     5700.0000  -0.952754   0.285912  -0.666841 
     5730.0000  -0.873576   0.212877  -0.660699 
     5760.0000  -0.958960   0.280279  -0.678681 
     5790.0000  -0.883627   0.269258  -0.614369 
     5820.0000  -0.925836   0.334559  -0.591278 
     5850.0000  -0.890112   0.268850  -0.621262 
     5880.0000  -0.933096   0.306233  -0.626863 
     5910.0000  -0.877623   0.267274  -0.610349 
     5940.0000  -0.905943   0.340112  -0.565830 
     5970.0000  -0.826185   0.296244  -0.529941 
     6000.0000  -0.877215   0.319847  -0.557368 
