t = 10000
b = 13.5720880829745 13.5720880829745 13.5720880829745
E = 1.66699144815239 -0.536776946090257 2.20376839424265
8.76786745490831 9.42651319353318 2.80932642058476 0.978838652280559 0.131077731833661 0.15714172271845 0.187852339773007 -0.271024257911959 -0.944064272210891 0.0318499649066286 -0.495594693641686 -0.455952695374383 -1.53955489196205 -1.20033664413465 2.58567378202702
11.2160196090861 8.70136983422523 6.46875407357523 0.926267817935456 -0.187217043991904 -0.327074468425806 0.248813321235164 -0.348047116072269 0.903855705392019 -0.873894490438704 0.619245771027459 2.65138889598289 0.560333937144862 0.314554426020278 0.699605187796032
6.45790690867109 14.3168294335226 14.5762114212951 0.805949409878091 -0.582904686624842 -0.103284437491575 0.108594661556581 -0.0259337023966728 0.99374777612904 -0.739583255009875 1.42620689772505 -0.831176702971931 0.145184820902629 0.762120079882466 -1.1604968014179
1.18959074847016 12.6569887811466 3.97810617947227 0.0304156966442482 -0.29525343301311 -0.954934707554196 0.961353437728555 0.270183892728647 -0.0529172172122083 0.751808430323129 -0.202713055791897 -0.196861377136552 1.74533058844621 -1.3790820366446 -1.75067629315417
8.00825692572494 7.03354510452739 5.8272123489413 0.999825832922169 0.0150446890191986 0.0110436023926508 -0.0110452481419901 2.63017128858152e-05 0.999938999040292 0.968367185991297 -1.36629548463169 -1.12316710099059 -0.881531199963597 0.557175531551459 0.904220028789504
13.6892497464309 13.6353342742279 16.5225629945688 0.941147936236061 -0.055661148178308 0.333380261416412 -0.301133355642423 0.309834294941459 0.901843341050796 0.0833008776209307 0.464881631388497 -0.0727728349472748 -0.396400202240032 1.41441302729012 -1.51618038040148
11.5218727847324 4.6706316940047 3.54294526264272 0.641972889259007 0.538111678831866 0.546174542212647 0.451154309664429 -0.841086675762858 0.298383968613257 -0.739096933460876 -0.0322062134436836 -0.000124966172822672 1.28745258975885 1.89490082373285 0.137057441553148
0.999047651899337 0.860669721407047 7.29120774055505 0.119924521585257 0.468182936151147 -0.875455794097816 0.380422744885877 -0.836181938819274 -0.395067463056545 -0.409047485657378 0.593616837572098 1.08412242431168 1.51607526049793 -1.58298487184063 0.72563072692822
2.05108514332885 8.17513843746253 5.64590774674462 0.430442760666703 -0.446461045971682 0.784468969570817 -0.744475219250987 -0.667025309710153 0.02887705191444 -1.39689917509889 1.91321693603372 -0.563282902804808 0.077925043418031 -0.801453469321565 0.531846971675988
6.54007482135235 11.5794995440451 7.44869366440644 0.75065584667627 0.527424085472128 -0.397919129867643 0.51115248837484 -0.0820068799472157 0.855568819715593 0.221675520829924 0.00130757015286646 0.122595124006982 -0.870114263713507 -1.0497836162221 1.60744837425518
8.70562851922563 4.67199573970723 3.47933515508035 -0.794624041152153 0.607055720091226 -0.00748237445901705 -0.51716792343402 -0.68331510089445 -0.515381229635452 -1.85602374669435 -0.442363668356987 0.410355880612305 -2.06278318980273 -0.793976080846124 0.630891011323556
15.2255576818433 1.05014706552 -4.48126999442579 -0.13288975148254 0.348352190317693 0.927896042373161 -0.991037880306949 -0.0595233071253123 -0.119586352505525 -0.0123139214304463 -0.889254797370996 -0.183376831424453 0.247581193398036 1.03451676065544 0.0258191361342542
6.7285326047072 5.89995623076239 4.76611375366254 0.00882925759450284 -0.061266794885963 -0.998082373381442 -0.803551994870256 0.593639373532717 -0.0435486593561305 1.38638186939883 -1.94149891072864 -1.50250767241831 2.16838783181229 -0.227177769031385 -0.729025002990095
6.06954528153805 9.57484987677318 8.24721219242643 0.481908308684454 0.668148247011084 -0.566870621956108 -0.692691547388686 0.68669713518218 0.220511824419587 -1.31324897334055 -0.314447806550391 -0.0529535439276087 1.72388065363914 -0.66277246505936 0.59071556267757
8.98847824749286 4.79499332367164 0.859610956437497 -0.154956254443901 -0.318732025405167 -0.935092752185491 0.692908708960406 -0.709735564586303 0.127094254032924 0.257165883434679 0.369412144386001 -0.598728874915742 2.04922477189843 -0.724325174043843 0.230447431648295
8.21648396539445 9.72346910741297 4.78512355870201 0.35137043919967 0.928820118771811 -0.117609529466582 -0.767374580411247 0.357680222814724 0.532166432186278 0.399090619080621 -0.540743214031595 0.148195357000598 0.328552400532226 -0.482784988719513 -0.0405891391319267
3.15495399410536 8.39592142214453 3.78753680237724 -0.56474248409428 0.131614368335786 0.814704599659652 -0.822676666801618 -0.167941312543929 -0.543137935925306 -1.04851221061335 -0.116006458418693 0.0156344195306165 0.18875054135003 0.26236272976251 0.73955865677511
8.31977521072035 11.6620873174314 6.62289910555848 0.641934016736619 0.443003016704375 -0.625834678926643 0.302400438650625 -0.896320462785375 -0.324289381102929 1.66615704794713 1.5213234647864 -1.4146967876109 2.55098111642997 1.16213878881614 -0.447644234291814
7.26606688018022 5.9841386725584 6.34523400045029 -0.121271877727471 0.683549651624787 -0.719758991215869 0.238939216452977 -0.683686772352362 -0.689550903234306 0.243394439582382 1.51230395421915 0.691017519819035 -1.44953762840608 1.52102487900257 0.118731600568656
0.13670689021801 3.29822576699903 8.99604551668913 -0.582009740193064 -0.793896122028982 0.176050020584337 0.618151384605292 -0.291266301452765 0.730104655065688 -2.10744870387589 -1.5672873456642 1.12573237036642 0.412586107669847 -1.70311029126698 0.0746607410355252
-0.733551247512434 12.361948788027 15.4368537741623 0.819382078244156 0.571427144309374 -0.0456511620741752 0.0802852298076342 -0.0355415692400492 0.996138082160646 0.699370049234227 0.56862708198359 0.710185322684226 0.937229386638547 0.167955522828482 0.663113646690962
9.43512654282265 3.50160901912785 4.05232369243894 0.125756048316819 -0.869587473128058 -0.477496641758345 0.931240328104345 -0.0624640677152083 0.359012105027924 0.405331457466788 1.99898141428561 0.229457495983837 1.56440549861644 -0.342635888001103 -1.36487864751572
-0.166098232477578 4.33160170011969 3.44100191111307 0.810321125783961 0.344415905222632 0.474085812209024 -0.491023748452992 -0.0424501387312361 0.870111294132464 -0.0517177280965912 1.09099588840543 -0.257257126352261 0.0402003125608013 -1.64967728453477 -2.13288744110308
4.76892942919582 8.37214526524339 0.215542662210606 0.154998988182376 -0.174004654574086 -0.97246989354375 0.849246666535972 -0.479451688760913 0.221147411293572 -0.777304878398631 2.10390348011833 1.13851872583123 -1.07262042144941 -1.59504074397995 2.70087537985943
5.98605067905808 13.5264292747005 5.49779773133652 0.384772841826881 -0.780723918428494 -0.492361679445226 -0.922773116615017 -0.337491558706947 -0.185981781511425 -0.498854571125803 0.419484852167119 0.709890777477613 2.52690681412179 2.01695111735815 -0.00619454757274468
7.94589292730367 6.26263087557892 3.97614490042367 0.912175420427488 -0.406858466668342 -0.0490121461295248 -0.407651619940606 -0.888649856657468 -0.210051396144993 0.079214945919751 1.31806994337957 1.10076715349246 -0.518320903332439 0.387412129130422 0.180606936943384
7.92972284106212 3.15545640536029 1.86998730806776 0.387962607700971 0.819973903230223 0.42086555222215 -0.907094869380419 0.420593428498381 0.0167351679913267 0.0238094516514982 -0.0907221058314922 -1.43553816139361 -2.20225040149592 -1.05792463436765 0.15449360558376
14.2702752575358 6.18841358300279 6.7554755220576 0.532873891391922 -0.720205950661015 0.444239580075091 -0.749564476776204 -0.158122012811749 0.642767861844054 -2.90030270953677 0.879543782267253 -1.45739611573991 0.74890517359035 -0.504173911402147 -0.309321098279359
11.3688524226665 3.93268800987434 6.68409458287755 0.715964060222257 -0.617147430768467 0.326380932601678 0.6980959511234 0.637947092012423 -0.325093141757879 -1.41367417451708 0.527822856801576 -1.47528944122033 1.06976951345814 -0.729168695247713 0.189767070948827
7.65140499917338 7.65960788527603 2.41750775073088 0.336577131416343 0.775408649408732 0.534282005152402 -0.176494882726421 -0.505383051505567 0.844652311677597 1.18786472196411 0.0279937781983189 -0.0632967657564307 -1.63601678803623 -0.60625099329017 1.54450715263412
3.00145549469306 10.9461994834889 -1.61247521628098 0.868133006545971 -0.410432639238197 -0.279088035561222 -0.436807156987907 -0.364787561745703 -0.822270966530965 1.37582982566579 -1.61059687380364 0.433407877515068 0.0110664011904698 -1.54706336775192 -0.919915813769926
2.46882074328391 2.90234139544368 6.12587045365676 -0.0161344743298231 0.134628347058705 -0.99076479898427 0.573809961710156 -0.810231994098105 -0.119441381363403 1.83545951455636 1.52987131413302 1.25408696853295 1.11787635838416 -1.15701441209566 0.807106880272181
-1.61565268136379 4.03272607579288 9.45298087874444 0.881336046433102 -0.178809210088432 0.4373488763507 -0.292444639158317 0.520581137952134 0.802166698284105 0.249232202429751 0.409835510456434 1.40327814283445 -1.80820190406064 -1.12050100631979 0.133278007233469
7.70398932959505 2.41116370618783 11.3938726433374 -0.758805307961323 -0.466209718983565 -0.454821945968956 -0.0142456208587526 0.710023339575336 -0.704034032944883 0.522057044490519 0.788845299444981 1.11951032175778 -0.0573341740972091 -1.02693983427115 1.19168672001863
0.275787116482998 8.17613062270579 9.97776774607816 0.893466551801118 -0.133689988268881 0.428770927010318 -0.385434018467275 0.261843844833857 0.884804169480903 -0.201266314900714 -0.0866344259335358 -0.243565531581163 -1.50091713347464 -0.602729017941302 -0.528900984029748
8.73708797711293 9.51822241856228 7.55239756386028 0.796842202803423 -0.574029318562829 0.188501578936845 -0.585242816368221 -0.810844101505239 0.00476329125227763 1.4654759412042 1.38191903163733 2.68640334805337 -1.20038885112614 -0.303865092016198 -0.215373165969137
8.25513347671562 3.03288840575119 12.9957482212724 -0.218655407796933 -0.517560976381943 0.827236633840479 0.974492670868703 -0.0719142374395454 0.212584987420729 1.07815916386649 2.11775390098108 0.726985171844623 -0.911405072119843 -0.679212227965417 0.120083213506458
12.8635582986881 3.96367352926924 12.2998022041 -0.307568060279111 -0.129791564049995 -0.942632504318412 0.387153258234938 -0.922015161371321 0.000629951973238782 0.804941429199936 1.84566690579634 2.1309159481498 0.471085691754064 -1.08665249338963 -0.50149282080535
-0.970806031966987 0.734902599586005 7.7269278554453 0.333011247921699 -0.615875971009265 0.714003009161045 0.641315572306609 0.703045042396269 0.307314179755954 -1.11542797292286 0.000513064692084132 1.88250638898738 2.118419571053 1.40812420767102 1.27482757681553
-0.943061417527893 2.77583272161131 1.47764555515353 0.20505665566992 0.696836038154392 0.687292735226234 -0.876038112647711 -0.1824800879609 0.446383515249408 1.15937794419956 1.22400427353643 1.22754679249584 0.545592111121696 -0.823705385387321 -1.40569190926606
7.56207040902639 0.72270442158533 7.1193957024014 -0.0719666394448781 0.361297084554172 -0.929669414092809 0.651926862469696 0.722462104296698 0.230303872841091 -0.327040378809841 0.243442957498022 -2.79175058005031 0.492473148233196 2.66289426410565 -3.15564939745063
9.59801854100528 3.13425968255738 14.7151552943112 0.045350404065522 -0.972929331723001 -0.226609479775513 0.398600257003687 -0.190379133868423 0.897147490942322 1.02583184843438 1.05108703799774 -0.847855230874348 0.837561391909917 -0.958303768514919 -1.34493263220207
10.592483518807 9.47336192859387 6.09473041781301 0.663019032106848 -0.587968360270496 -0.463356202488889 -0.362664711732218 -0.793757286887784 0.488286469581875 0.145485525591917 0.238697853102847 0.244395800346216 1.61084055422972 -0.753414173072564 -0.283920825184921
1.684476456709 5.27614338853971 6.47277722105616 0.132782446018473 0.944635730216853 -0.300053593924527 0.764849233011993 0.0948837964971937 0.637183424080731 -1.72637664180967 -1.32355478701938 -0.962627376008967 -0.570014834125336 1.71163372240904 -0.921401780875182
11.9813031197038 2.40979667048478 2.28200036359521 0.517689644673384 -0.550747723358119 -0.654732294158303 0.633276389346583 -0.267901736601903 0.72607828381094 -0.621533226902684 0.659264007569411 0.213968905606141 -0.445847146432446 -1.27989003209003 -0.894083059144326
5.57283772385626 4.46784442093231 14.812213622408 0.699311078855556 0.709913555396589 0.0835868342148015 -0.509741195764452 0.577239903679514 -0.637932603760533 -1.61388271645633 -0.348748917877282 -0.519263432613068 0.886557659386187 -2.36553574272412 -1.33296859288307
5.08436936991006 9.09057146695729 1.96826892438061 -0.0782547955811637 0.788931720544397 0.609477585549631 -0.646127136718796 -0.505707160009411 0.571646736639672 -0.242044288525436 -0.965979010094857 1.130704499275 -1.98912460640587 -2.56492154968116 -1.90053167052014
8.29537800334295 10.5390835968566 11.1072035461954 -0.304623224559105 0.574613921586163 0.759620650179143 -0.824507048273578 0.24019746941686 -0.512341002685642 -1.31759136694038 -0.834020344839341 1.51847954668707 0.546837119162124 0.0560274505998571 -2.1014618055455
11.2827691956378 6.83439315873991 1.35216863415239 0.194629052727913 0.949202656432444 -0.247252601312558 0.972622061332811 -0.154124847432908 0.173930610337849 -0.339422307965793 -0.660812066968929 -0.410245371244786 -2.30406275279807 1.0321588597473 0.505822757612348
2.83424662193727 2.11684422315986 2.64152524507468 0.416716297821537 -0.843247547650979 -0.339530706285192 -0.742945019597237 -0.531154023685796 0.407318181497033 1.31181655605926 0.773756708484729 -1.10516164754279 -0.376571149892048 0.422871807711584 1.30488562314831
8.82357665879247 6.3538541196903 1.51817149212327 0.454485481622016 0.669312052464546 0.58776213166595 0.424360395808572 0.417462411099578 -0.803519377356961 1.22464705185285 0.391835303783957 -0.375479740710349 -0.871510042099564 -1.04959912031194 0.0175292393774499
5.94229721600314 11.0107811767057 2.78818830922524 0.826119260952288 0.172963674512291 0.536293328303505 -0.425639696709374 -0.432140112196141 0.795038220475128 0.947974949337682 1.22485553560708 -3.1458253331895 0.670979191428808 3.52906439279266 0.499634724469132
5.39970063838694 10.3015822917323 -0.318785364358662 0.472825109677403 -0.324400222917609 0.819268521932557 0.747402413965439 0.640113815935995 -0.177887420146826 -0.199977898543546 0.303946639309148 -1.58298778792008 -0.879271519785723 -1.7031890499966 -1.53622406578027
9.95219407553588 2.09100168325867 5.22888815273802 0.417202081087107 -0.875397784530748 -0.244174409746895 0.358017741824335 -0.0886384215703452 0.929497997179403 0.467497013066998 0.584609205032172 -0.145808389257565 -0.735126458504494 -0.177527336575872 -1.95929771507205
0.644879923993367 16.0688639057565 0.526607335600098 0.621333207093611 0.180565581223097 -0.762457288403969 -0.776308036474602 0.273823661916264 -0.567773224694258 1.31639554852881 0.37218512724977 1.21147546767642 -0.220666170439663 -0.209263952127252 0.716957838061249
3.81807390950305 3.02863208083147 0.893189584868022 -0.559537145718643 -0.15291701944054 0.814576311788193 -0.752636470208414 0.505316957869265 -0.422129264327848 0.447776870122607 0.943304272429085 0.567214581755715 -0.0695763552488722 -1.845705559401 1.64986493059017
13.0475293282705 8.68771223659086 7.01115669866315 0.887497404139858 -0.459538187897047 0.0342492556023102 -0.44394949416347 -0.832732718220803 0.330855053817517 1.04052490199151 1.60136947008552 -1.78354404987453 -0.853216904675238 1.66089542748148 0.0772985764984338
12.5284972390211 6.49702559986392 13.4357246168568 -0.726061500179812 0.529702262296791 -0.438463466293718 0.680802345062199 0.643386292858814 -0.350088910305944 -1.44765093523986 1.01991163420417 -0.480441637973392 1.21674950226712 0.900395324188895 1.60177074443472
7.32876798523893 10.3400855274533 10.5979019913854 0.531654378813912 0.520239839993059 0.668351801353142 -0.673716561209946 0.737985229782484 -0.0385200697603248 -0.745073961332618 -0.804571156661678 -0.874817828394018 -1.62385948360612 0.967174876649135 0.213524032917796
7.04822101092273 -0.0948878435219224 4.6616036000484 -0.894732126856688 -0.122889154659722 -0.429363106050725 -0.0747142083873076 0.989035864334891 -0.127380713314038 -0.480950668921164 -0.354194361671008 0.18116537730243 -0.796555159562397 -1.17842815063076 -0.895728418364197
2.49925948776393 0.114044514365721 11.5527039575843 -0.344284041971164 -0.559638638908718 0.75383890340337 -0.608056305263166 -0.478868054365811 -0.633208430248374 0.643507572837941 0.652165109351174 1.11275819070737 1.00493287723829 0.529063950990473 0.158545317850515
6.98921285789724 12.0285301159835 0.0132399243304953 -0.470038542015586 -0.865321574696521 -0.174018221415445 0.816423649322303 -0.351313951488828 -0.45829131817716 1.00731926839429 -0.263148672398706 1.91883957682713 -1.42757397451728 0.0834317502772632 0.991202593320274
4.52955685100303 7.146117942525 12.9890179924737 0.120706308625194 0.992651203172246 0.0085776394638942 -0.0736235175152676 0.000334924137568249 0.997286049984908 -0.540822263717633 -0.0802371644525687 2.07110087035641 -0.780147759991182 -1.81755117163003 0.173597011468207
2.08097518567808 5.76978635340671 1.02598757969011 0.136588282383864 0.574218723865263 0.807227661987605 -0.892234733215831 -0.282741994093679 0.352099624565556 0.438898388274782 0.388807183516934 1.89279303403318 -1.58755263351816 -1.52389721502537 -0.438405657005933
3.76619205715092 1.97882324980195 4.05074756123202 0.258399321337933 -0.0482488405432043 0.964832545117717 -0.917271766100484 0.301063272605841 0.260717112984094 2.18642419720042 0.0311954308755254 0.689764636287683 2.91544747553503 -0.323685502249644 0.539198692884696
3.98001481290319 8.67699032214808 10.0161592212207 -0.509767256339654 0.453528235955431 -0.731060519762281 0.81847113287976 0.517445116811627 -0.249710944354314 -1.7105531448875 -1.23784163616064 1.14325471285735 1.45957454355691 1.54200316228613 0.616289093869007
11.2593709989231 8.39926156886447 -1.14162489506345 0.842370920550836 0.321839329171513 0.432239144928785 -0.0315917895534315 -0.771208096556053 0.635798734379994 -1.31131237330078 0.946426688342 -0.784885972174023 -1.09699348085942 -0.918871647778961 -0.352348736645656
10.0954985371349 10.8460308264673 12.3262617972505 0.437786860103326 -0.873778819988743 -0.211785832528882 -0.0720132491068073 -0.268880427899791 0.960477697526343 -1.19769277417284 -2.92449363369723 -1.76962044799184 -0.0392353525315257 -1.54181598161277 0.449539136645385
7.84905869802183 0.150752917882883 1.52566977931849 0.545946411090069 0.67064568001479 -0.502172169773847 0.774851202135711 -0.176191211045997 0.607093297359631 -0.248913103095521 -0.417848730771199 1.34938928998649 -0.214200089886032 1.29262656715742 -0.355660329548689
6.43990291998565 14.3141620207596 -0.251229143684858 -0.783973292751936 -0.603854878705517 -0.144031807998208 0.613658884160082 -0.718738943017757 -0.326859458607396 -0.609573376331739 0.674480764403866 2.38180698671817 -1.5505037081547 -2.73889046754864 0.805240846126823
3.17225837023216 1.41883418037826 -0.498188760691374 0.974675883394592 -0.00458938763625953 0.223575177177826 -0.0749892980145002 0.935191200995134 0.346112731295126 2.02114926324014 0.552145058826869 -1.84335629315474 -1.72034616502559 -0.74955397576097 0.135753568057415
9.93474812770838 10.1089899221097 -0.556074316222126 -0.232193632870032 0.620699637641989 0.748877878352486 0.202449247971713 -0.722218292661679 0.661373600728467 0.621567079090252 2.29804616274178 -1.12702924470792 0.19903383998829 1.40333395954645 -0.783787683369283
-0.182236989981428 2.7437964396499 10.0945451545653 -0.164146802467921 -0.97843730499909 -0.125364538150447 0.537690438437404 -0.195296822559772 0.820212255157803 -1.32968353792778 -0.248487890872013 2.07857313614723 -1.20277024773592 2.81695941424434 -2.30929909008955
0.82667612100258 15.5911410598457 1.3768071586231 0.338044428879611 0.585966985821521 0.73645682536772 -0.0798248117334672 0.7975559708079 -0.597940191708489 1.21767212151445 0.940041532245185 1.47617889401976 -1.10886960015754 0.947005817559071 -0.28953186475127
9.98072500917256 2.46179079706308 13.0959242679974 0.503777963413504 0.672762718877542 0.541846922725818 -0.132086663236863 -0.559889535971197 0.817971161413964 0.537038777672726 0.447388066194034 0.214448555481445 -1.75815922966111 0.470661753502461 0.273561218890865
1.77423827764455 13.6520420195134 5.66371097627519 0.641458626985447 -0.709434222635261 0.291948477680306 0.265262356786354 0.562195287100917 0.783308586212143 -0.108451096599056 -1.3106770956007 -1.27866884028263 -0.14464854896573 -2.23361190572718 -0.243197678670171
8.26357041199413 8.10650636098667 7.70617681537835 0.950084936691333 0.235341847240279 0.204823895114217 -0.147717973484405 -0.238936546104454 0.9597336751648 0.338633520862488 1.46431432768483 -2.68200723153175 0.422533405910739 -0.291108918326707 -1.52433873091134
-0.222615941291051 12.5325077051786 0.100707772190297 -0.768352206363412 0.57312265693038 0.284895256347907 0.458541385436015 0.182390744658551 0.869754801139562 1.79936632770713 -0.338322240635044 -2.08126933980647 0.00549374936670403 1.30059723617452 0.943226339130714
2.01354403381505 8.90070281371605 7.93719921628046 -0.0898115372993896 -0.995958757785998 0.000201388409984001 -0.821890129685773 0.0740005220653781 -0.564819030716171 -0.598476801139573 0.188209469453025 -1.346173064882 -0.39778735439603 -0.376509948307 0.816700109104545
6.90074274054711 10.474721990103 8.39975853091939 0.985006871783244 -0.13606798146296 -0.106051718328292 0.0150892597539765 -0.544429693090998 0.838670747982138 -0.415719157356948 1.96897745456166 -1.37731197867957 -0.606719721065955 1.67178784113077 -0.98623447568881
6.53273738476738 7.06118139235022 6.01463626018203 0.916919100158034 0.367623315678671 -0.155281877676696 -0.213660318318319 0.78086411601993 0.587026831319087 0.963367741605604 -0.201144560562265 2.19950890997037 -2.70183972206835 0.59557235356388 1.59230865282755
6.17961317317789 0.023706473985575 3.28984157212147 0.238675558791744 -0.813966743169231 -0.529615066486901 -0.708741550621222 -0.518840263554215 0.47800648043517 0.474773812828061 0.711581907868231 0.873491566217357 0.475199884840462 0.554307419841107 -1.85388687645327
8.37338220692228 8.42525374490474 5.55628880221765 0.618830181290437 0.220949315840054 -0.753810723294553 0.149623075258139 0.908903501631955 0.38923946366147 -1.24782740519595 2.31010984822968 -1.7712447343734 3.31043215113117 -1.48656711236504 0.800173311219581
2.90494012163594 3.86332209036951 0.543734047963612 0.624321469534856 -0.641216993954112 -0.446165293744696 0.217493470686151 -0.405885378773605 0.887667533205253 1.80047199585628 0.106776217906344 1.2792096560589 -0.875653640761886 0.508135250990431 -1.16573614915041
4.16064876986632 5.75637655988635 10.9553932770019 0.535798716367768 0.648626889084842 0.540557947212666 0.598353576677241 -0.743384934451482 0.298917775497075 0.795411324430954 0.193276719560046 -0.79991000976285 1.26142135166155 2.58571683151803 0.0605195876753333
1.07980720583897 1.85164285942599 7.11201113753105 -0.0410442813261162 -0.438770900774501 0.897661107325006 -0.293059101499242 0.864191047782187 0.409011241852328 -2.46614191113365 -0.234810928309585 1.51584279603044 -0.60438513938492 -2.347738840297 0.602058075692867
8.59072981202693 10.0784605023356 6.42812412481349 0.859806345127242 -0.109398731097244 -0.498763437426248 0.510302393966323 0.149635960448016 0.846876936781868 -1.19444793119662 1.36454251550552 -1.22778034674471 2.0014946434227 1.01035218253919 -1.15332265119515
15.4381541917899 6.49331427014251 11.4010491179362 0.579057360755181 0.594228075698969 -0.55819850143685 -0.49378386210071 0.80042361372617 0.339852226884635 0.905734626645098 2.62712958559587 -0.106374166606909 0.235596066814951 0.790531248158358 -0.970157463433078
13.3966249847602 -1.14761355914252 3.97623038724802 0.675668806646792 -0.11006093383547 -0.728943245093721 0.647631304735459 -0.383779737243012 0.658245247919293 1.69762889528952 -1.27772002021668 -1.04340169717224 1.82323525975815 -0.544538828968371 -0.183155548950977
3.16361576927225 16.739929245419 2.83093669463576 0.949382701492923 0.244330143811457 0.197421546268569 0.0334450385896371 -0.703538623759977 0.709869589623091 3.19452631323619 -2.04439116598877 -0.422102003349579 -0.0754166273303404 -1.38518903433974 -0.614015433988716
9.53956661126711 3.24441301968943 8.38163810453386 0.694853297879812 0.37012114962737 -0.616594866199893 0.714076018140376 -0.25340709694295 0.652595037933735 -0.229163007592979 1.44351374014668 -0.0931461303246383 1.94800720984273 -0.300468335815036 -0.457486666427547
11.0219591657069 9.84799115765089 11.8831648584684 0.362942120940644 0.604969366376513 -0.708720736674967 -0.599282060226836 0.733964583133623 0.319620091664722 1.25200499170154 0.309639510153455 0.754555672905155 0.405622246855635 0.0761679905863862 -2.6002468969734
0.515630435253148 11.2054764070752 1.7434196437093 0.91918987543332 -0.0275245405133376 -0.392851591024408 0.0470697001808848 0.998082198539932 0.0402040829093053 1.84925673602241 1.1615596280763 0.0517101092703589 -0.29282825415461 1.16917133530594 -1.07971922433694
12.2465906913833 -1.10140078672621 7.55727722698149 0.586977414388039 -0.785464294808847 0.19622272187179 0.227734478152777 0.392771466425274 0.890992470575719 -0.603476233376847 0.277695314698245 -1.088584980242 2.38095047914462 0.883038333793224 -0.03178576355211
-1.26269202881747 0.144450755660294 -2.81630072830986 -0.628137888304458 0.304559825421512 -0.716021023445286 -0.407553640084293 0.655111458350728 0.636183155696239 -1.69069089361639 0.827665141197317 0.169567762369563 1.68803240390629 0.258428629241763 -2.14523146860934
2.82600571275691 9.64510280824389 6.80138004114213 -0.390684284363402 0.873296038054472 -0.291066693164675 0.104691514994384 0.356297855660262 0.928488839319073 2.22846442739381 -1.83029144610895 -0.596643277904555 -1.40570842490307 -0.381490906174456 1.15383574549927
7.34977754164963 9.54167268642488 5.19413336327414 0.932561098619124 0.108571447855425 -0.344299343671855 0.35175947932143 -0.487808847921719 0.798941672837762 -0.977613448061342 1.83209123172801 0.714149064629987 -2.03617412876435 -1.76801978379783 0.676216618692284
8.77365115514477 -3.4747943044564 3.6547908575253 0.649380680524281 0.392007290807716 -0.651640250226623 -0.760454429905276 0.338926481293182 -0.553929508435562 1.28379454767447 1.22323221595766 0.500717306887462 0.48246035929997 1.77166294783778 0.244900974578016
11.143041036516 14.094571987839 4.62695883221927 0.170143170130491 -0.809317896842204 0.56218844128002 -0.486198260880239 0.427285433024068 0.762258755176001 -0.490719278128763 0.630104151448268 -1.37296324716382 -2.51408931935798 -1.23359472706125 -0.183395012158051
6.43199003761061 10.4149960683547 6.89958902861811 0.436576164588474 0.806494995519855 -0.398706752782852 0.701551783180036 -0.0277376809855948 0.712078448326063 0.234109312257815 -2.81969455051472 -2.35797602581822 1.20150822817802 -1.19497240299899 -1.2742799727726
4.48509825942622 2.74605885419234 -1.82390854385681 0.117391519156729 -0.984444181891546 0.13072445819341 -0.975389697494765 -0.0895571645191 0.201480649950237 0.641684207152626 -0.538183328937132 -0.759717796983723 -0.300355318516695 -0.145564934964236 1.78725517108313
11.4113691367059 13.4576038691705 11.0362780862751 -0.636003884519037 -0.656263650473161 0.405976698770182 -0.771278959655786 0.557672668860247 -0.306806063823025 -2.25901188700656 -1.96083427204322 0.288947366114974 -1.74073466396466 -0.459080951501851 -1.09155675919583
1.45626327850644 13.4239937911548 2.00077733728838 0.675846417194159 -0.450364817583981 0.583440786582808 -0.360357235621715 0.488620139836429 0.794602429949283 -0.873708160023906 0.935058130756363 0.889294071024046 -1.09216498307708 -0.53719635692581 0.252141213141154
2.02102254734122 6.18697433239965 16.5344549814236 0.727875413945949 0.519410955584211 -0.44767135377653 0.612999098643105 -0.200315375443374 0.764268182919923 0.314490475975236 -0.17209190533629 -1.36868034174205 1.30397829495974 0.447230890704456 -1.00129317880949
1.97183928128292 11.939851947211 5.25018611579893 0.469091275944964 0.647317927460641 -0.600776893380884 0.237066838566095 0.563004471216898 0.7917229815043 -0.597959294443442 -0.375523808694214 -0.883999028065341 -0.356182798693817 0.218779740161641 -2.09204445949865
5.39576924330847 3.17554921687833 5.85810822866318 0.402462779173294 0.0915029751515126 -0.910851753535409 0.908761414658622 0.080001292162142 0.409575981327089 -1.27473123687246 0.83520758462798 -1.42462548917451 0.0935071200314688 -0.012813608176123 -1.36051359346177
0.762088455769937 6.16282140660454 14.5020059417114 0.0782188966661541 0.542196862066594 0.836602872914903 0.321090819835703 -0.808158396334251 0.49374152332135 -2.48122316485091 0.223928829281644 0.427262634344357 -1.12622634827068 -0.264833552481089 0.674659847002769
2.48625155342143 5.63781670317175 12.807129257679 0.31573651812053 -0.92353568589304 0.217697698672254 0.0652348348256784 0.250019428558096 0.966040734994519 -2.64243710295399 1.64400728884579 -0.481715986099942 -0.448196091161599 -0.722417715048998 1.39027733000279
-0.423790313172637 14.9627377734701 1.80510489432257 0.681059180774791 -0.732207768368372 -0.00549328894008831 -0.21184683041017 -0.204218426172974 0.955727866527182 -1.56418667681543 -1.068014827761 -1.26685788099843 1.14657229723703 -0.10542725931092 0.812620509022803
2.94059633407498 10.9060760689703 10.8213435630924 0.633311215729458 0.348806383447605 -0.690833562370473 0.166545910297717 0.810323947857699 0.56181630386757 0.427453933190406 -0.696295525898929 -0.405341410818454 -0.881740400117275 -1.09135743408965 2.86489779727106
6.18456823882301 8.77495450347733 2.78299717544314 0.772994496817202 -0.517218500410064 -0.367375190675536 -0.459230125790688 -0.855710758184393 0.238467586673243 -2.25696086206925 0.021800626233721 0.388988041013908 -2.37337800867417 1.50586984339446 0.817671572678136
5.33090525026044 10.4027216911777 7.87902373658269 0.919242947300879 0.385744338927055 -0.0787001195889972 0.106748814247769 -0.0518062198680682 0.992935449180699 -0.222982064212629 1.74398126228154 -1.97086544709711 -0.531227851949991 -0.123458673421028 1.04306455386706
-1.98960618005708 1.55052845802026 3.09115750786948 0.371885304660862 -0.228047443762592 -0.899830919434671 0.926531979062561 0.0317500580719498 0.374873879573973 0.505897404907813 -0.337074641008846 1.00225552244328 2.35192423691823 0.759608060957704 -0.114024233605114
5.24331621233434 13.5767422083078 2.61151460570397 -0.583437616186728 -0.70074918006363 0.410549795589401 -0.726158299567295 0.676487606334223 0.122713660387618 -0.850426778158791 -0.431621748361657 2.24199574293415 -0.418178904374515 -0.964037888635723 -1.88955056146654
13.6857739731185 4.33245713250798 9.37420895008394 -0.202480733742514 -0.978844297474861 -0.0294175757675549 0.979017331435497 -0.203037717165114 0.0173421497311468 -2.36966343658453 -0.571042889661374 -1.50015009943191 2.47755627864655 -1.8617888683092 -1.42446589881756
2.30791270625521 14.9670727763914 6.58371729783289 0.25575116394251 -0.685402268929921 0.681773475494441 -0.867080816389845 -0.474491456164694 -0.151752152786798 -2.32013472875193 1.85570437489349 0.4689503913062 -1.1238291527145 0.135749250127506 0.0850606289909547
5.98819624730257 11.9868867325511 5.09108140786487 0.647749731811835 0.0198997237118167 -0.761593254916224 0.707137440771039 0.356298602637476 0.610743764289385 -0.555037181861687 -1.40908396950522 1.98714960246989 1.78330657871945 -0.603633353413211 -1.34391823788748
1.06278192721295 14.594893170207 14.5779549261393 -0.0780529086437626 0.02061957748167 0.996735961263928 -0.335228031254656 -0.942112757303204 -0.006761626112214 -0.124309113420177 0.711450438331106 0.504937027456129 0.608195277566227 -0.034853115178193 -0.29895098797949
2.52084607537317 8.83129253073566 10.9797733136845 -0.652733588492491 0.485058390739668 -0.581942626060988 0.00469875395978113 0.770729628909323 0.63714500769646 0.345466087718856 0.0432162065686889 -0.951057158901413 1.99869836766742 0.0542485142869752 -2.10324654035451
12.8315887822212 4.06083974494817 4.3133318453983 0.243817350081205 0.951670912693446 0.186750030073903 -0.130821827466792 -0.158527669178899 0.978649389497053 -0.418185349106939 0.210520176547378 1.25859928603332 -0.0860956168328715 2.33385773446278 -0.0553600255597471
10.0096359685499 3.14450377484518 12.1210396845322 0.916561557493336 -0.351756276890805 -0.190216805233684 0.106339109795922 -0.24415081700697 0.963889190873432 1.34780878203442 -1.63120246189095 0.214297363984569 -0.365844900276406 -1.360424494165 0.0632590416016468
10.5975338073326 6.01598271422911 3.08640733751439 0.986760980165384 -0.151574043159542 0.0576894917928722 -0.0693021158468047 -0.0724789473317159 0.994959305164207 0.153702691609296 -0.762243845585884 2.23523562311858 0.191563812733745 -0.668325431552713 0.162391407287997
2.03971868822895 7.92698078087352 11.9705446413438 -0.0133388652525214 0.198866929472921 0.979935721889853 -0.813280502800255 0.567990850873159 -0.126337710480084 -2.73295211486624 -1.28978785784039 1.77195128956024 -0.97449405883991 -2.62899646952258 -0.445282193354701
2.79340696360865 13.7001134888392 6.12068282295183 0.189457865475435 0.305103668343782 0.933283166446636 -0.345094270040299 0.910549514023276 -0.227617062843121 1.88790715173343 0.333150888045337 0.686453799721075 0.830249390680622 0.926985199879447 1.44342137774852
0.852319877494334 4.73219849475933 12.6282855268942 0.710826835423018 0.694185681029646 -0.113275991701261 -0.432174751218289 0.558118640261099 0.708328008624897 -1.51996590228157 -0.0844483663213305 2.02941565800731 -0.632699076250324 -0.521446000685329 -1.03735895556432
3.8158639051801 -0.0196723550642339 7.29583810288145 0.8323515073154 -0.500007816381666 0.239129989392842 -0.503737033696815 -0.502509989634304 0.702661163862118 -1.40191658719617 0.119758309804941 -0.647372288481366 -0.0327474694715988 0.453337558964218 -0.435145572638359
12.0375485612363 11.3450422432153 4.69718847815922 0.961232925239192 -0.0732281715942074 0.265836224621619 -0.258037435687458 0.100962978431833 0.9608450232842 0.871169965058544 0.135902359741759 0.0506370481433332 0.304427282049254 -0.775502756060807 0.950315910689332
2.51889414181948 9.05122487352201 15.1085923927442 0.347123362305231 -0.857240858961941 0.380320234891736 -0.401481661140787 0.23066032257014 0.886345469531759 -0.104010813200856 2.05364307430158 0.733317286999411 0.309646834514506 0.184527341857638 -0.502468091692898
8.43012314720078 2.27076993618383 12.415169922715 0.617448916574524 0.425493923399098 0.661597881323232 -0.674637252902386 -0.146060738689881 0.723554308680205 0.0799879930477999 0.218762426453258 -0.00530754167644226 -0.400982946504117 -2.52665563268355 -0.782938793227724
-3.71336382158781 6.17874628107553 6.05987441527578 -0.0425931279610024 0.99570850540946 0.0821608039502817 -0.984207573584373 -0.0276741135558143 -0.174841629877042 -0.106015364418555 -0.399998428027362 0.984122276802957 0.842234580273344 -0.365179449023584 -0.480173398032408
0.622857726494761 12.9874924757673 1.58520347959557 0.506254564932262 0.193290378318123 -0.840443421733363 0.595413070939304 -0.783339828699105 0.178499265343825 -1.44141640772728 -0.816320897815649 0.592692414294374 -0.464957480084622 -1.13057318000065 -0.16336614848176
7.83948474337492 1.7818838909761 7.98256263291491 0.508104039765948 -0.586738911597993 -0.630529725223424 0.0226613292236518 -0.722710642055621 0.690779119558032 1.55105221761023 -1.19604817023021 -1.51116725981537 -1.12607229055843 -2.42879622786428 -0.524926390726173
0.468694206737688 1.30813756835837 8.14489194372365 0.271226775927102 -0.487476124391854 -0.829941602866182 0.845783287352898 0.532294001281864 -0.0362453725855857 1.92578648952559 -1.1197714722196 -0.680524939110148 -0.213731038264545 -2.2568736686159 -2.67881297868479
-2.74343203292835 3.70864144443622 5.70993089046892 -0.675857265778946 -0.616280774938347 0.404246166011748 -0.521567249847788 0.0123879076039511 -0.853120239843957 -0.181361663606594 -0.975464256867617 -0.970596443608384 0.842746333328472 1.25678580126413 -2.45675172062023
11.6297784992151 8.83143756846377 9.4809043438393 0.989669958802408 -0.138487059852014 0.037077040032675 -0.0356330208770081 0.0128927572844913 0.999281774392379 -0.759544814179749 -2.54365265480574 0.982433367797439 -1.05325327331791 0.661852364389173 0.11668739608659
12.7581777544247 7.47800512160406 12.2341245202815 0.610112816395948 0.488117948919891 0.624101930145744 -0.321138602639627 -0.567745287118043 0.757981059690754 1.44237619297261 0.80169375878093 -1.47984902462254 -2.42211475334864 3.25225945795772 1.52281677067642
9.78132608031944 4.46827811328121 9.48586262881792 0.636291724470469 0.506467798973961 0.581913404187314 -0.0840608340990638 -0.704302692449066 0.704905308236196 1.44118332981032 -0.415707332923083 -0.127170266094102 0.144989906439033 -1.94745511785137 2.01396035196743
2.33750765449283 2.89443139142507 8.36338085412759 -0.968904711403754 0.059963934860651 -0.240058298618556 -0.0854938825817862 0.829306292224523 0.552215419666914 -0.392487404468867 0.831188544816812 -2.27656182833436 -1.24828001717246 -0.427289313487564 -1.52119305941767
-3.04271586753461 10.6328178561561 8.44650188805908 -0.396202085544017 -0.00136637523041893 0.918162317038388 -0.0023966721851583 -0.999993946819573 -0.00252235735953358 -0.0554264373627883 1.63805358186039 0.748909187901792 -1.55545330018152 -2.5797904286018 0.471928679380438
12.4603639918064 2.74686864350307 -0.729984623301727 0.452312571276331 -0.763890538628325 0.460309225260065 0.432998480791882 0.639302413013215 0.635456324500279 2.50729559097112 0.434381432449538 0.789962205630139 0.524789723227306 0.819400102026618 1.35726676014772
9.02911493524068 0.824791058310977 5.50958032779805 0.77494614751618 0.252957628104843 0.579198503825246 -0.419664932765846 -0.479289377610908 0.770819717389213 0.972145866709299 -0.505437628358645 -1.02974200758673 -0.467618428393566 -0.549627736767698 2.04246313539125
7.6131497530672 5.68206307518577 10.4754634037492 0.464369964730205 -0.334217224456442 -0.820158144953216 0.821595576045434 -0.18319121247949 0.539834872060768 -2.22811451195682 -0.989601063191939 -1.04273173643218 -1.50732209420105 0.371236127712529 -0.488217240849504
11.3892791458647 5.58814614106825 11.9765072948014 0.653578772300874 0.301498861378767 -0.694214106011243 -0.0905024763580308 0.941782446428758 0.323813411352475 -1.98476476763391 0.944660891418944 -2.51293998387725 -0.621816104824363 1.40284890431362 -0.66074425275165
0.0614693012934673 1.0955307308728 4.71135337978318 0.720489744756141 -0.0282201145121959 -0.692891155116119 0.0937027970986229 0.993969912043272 0.0569526098487599 -0.233407292038811 0.821455070508878 2.4770237334298 -1.88359032589253 3.18537033237282 -1.01953746391175
11.8446215810062 14.4323909691764 0.741458570426832 0.73707244783028 0.181055578620302 -0.651109118427892 -0.342141736053569 0.930823689355205 -0.128476814193901 0.326943954992921 -0.612465368514024 1.91649688757232 0.119626245869784 -0.967129482466799 1.4443506958885
14.4766880440953 1.08266371270853 16.7541683101788 0.994024975546936 0.0799738562952962 -0.0742868110647646 0.0398315686317184 0.367875983077139 0.929021370698955 -0.202730796043325 -0.171641618797524 -1.23332997741029 -0.481989217047639 -0.332889572616555 -1.29175865030315
11.5255812934852 11.349530324364 14.7873838359684 0.17988190173412 0.48914776417864 -0.853450037335258 -0.232110174831811 -0.821997645781656 -0.520043014633368 -0.863809601825745 -0.617691095686936 0.26437125669192 0.569602823844867 0.537735028767476 0.721322085392758
7.78479647052729 1.19182716266303 18.4731681162746 -0.678815698488626 0.0938990043356791 0.728280319979997 -0.7336029057699 -0.0432458048009325 -0.67820098570636 -2.11297488165145 -1.56837800662737 -1.0234707314293 -2.76609775236149 1.54198776249972 1.61388742819517
10.0353032797313 2.29622046165459 8.50483091059526 0.925899508459509 -0.370015882089377 -0.0761468793586445 0.369277245784079 0.844006348612197 0.388957066073405 1.34141386835324 0.113359518501679 -1.31218347854268 0.960353780112114 0.881879718294647 0.904127768100374
5.16772963746144 10.7813427204212 4.46002725816385 0.526112807033623 -0.628269163571981 -0.573134515083297 0.70882236866841 0.696333618601251 -0.11265141490897 -1.14956700044391 -0.883866916306209 1.17034841096146 0.0761227449213549 0.694350716580071 -0.296076007631226
11.6660093487447 14.0734988078656 2.14791996842688 -0.397209685835302 -0.747944881594752 -0.53179217705306 0.780297157106332 -0.580266183844427 0.233297026338532 1.34378295019744 -0.236378724144135 2.67965566190895 0.448518658028851 -0.653428118489639 -0.500737463537844
2.51285078353817 5.78301103329764 4.15944758875218 -0.29053551134054 -0.315186934822258 -0.903463509372371 0.643705184480682 -0.762982245371687 0.059175406380269 -0.103069566412348 1.18647895264654 2.22119033169173 -0.499696181648362 0.507365413934792 -1.73979160213331
2.49930624337245 11.8156486414815 8.78813358413475 0.795320525531565 0.233152487985942 0.559558021132894 -0.551872223548744 -0.103424250974363 0.827490467126817 -0.602329019495832 -0.131178677653754 2.26470073172017 -2.24687216399363 0.454128748747128 -0.582299253996935
-0.210410695900055 1.74983258586389 7.64722944550744 0.591519078419768 0.787166409472513 0.174568678930617 -0.0683278749071782 -0.166791077592893 0.983621897858151 1.24917195012714 -1.67159901376112 0.570465922088102 2.24101590039957 -0.894465269006184 -1.36313023485416
11.5627053936218 7.01110248115086 13.5616354877049 -0.278886782709484 0.609349279753601 -0.742236901328491 -0.593242731671419 -0.717107151386497 -0.36581470001816 1.16412948860712 0.0669977226888831 -1.84304497859907 -1.1738943656174 -0.521052633925347 0.482209908177603
4.35218778823844 3.00628718548674 12.9414236618512 -0.660766285067105 -0.517111461728494 -0.544043796644753 -0.405107079134967 -0.364493229371172 0.838470595893088 -2.46874461267242 -1.33044905788078 -0.0737724863451431 0.936424691294554 1.19694238720738 -0.296850620467214
0.794027211179833 7.84410249099488 14.0384784306517 0.842836493274688 -0.215797161764008 -0.49300936155313 0.503012123512638 -0.00979382869556246 0.864223862502528 -0.740031029725586 0.672908013824558 1.0838472001783 0.13107486328871 -0.16351326848751 0.419639723786905
8.34535347669082 14.7253121531189 1.12162775597227 0.987575362514144 -0.0687858156278412 0.141291949252145 -0.124973823818744 0.201309547496011 0.971522521327773 0.978379117991353 0.0710344777389498 -1.29396630471722 -2.05449021229498 -0.277322086341449 -0.307616906686241
4.04466943958308 3.52198716624005 5.07557903061626 -0.202605682510157 -0.861716328386778 -0.465183734460057 -0.972998508865902 0.123510979289032 0.194984460252081 -1.33446431553479 -0.0535782885055532 -0.95517003715685 1.26161145414158 1.61643914318069 -2.9184536616485
10.6943534827974 15.7390297386597 2.17900555049612 0.883504501202889 -0.351077947497947 -0.310103323321217 0.404473437342867 0.237866681792706 0.883074560938641 0.89231154223726 -1.82728109162956 -0.804431236393464 1.31506088080417 -1.10682466241734 -2.70414233777017
5.49423816366788 10.8481033132595 5.94134319355917 -0.414808717017278 0.469684452493841 -0.779313956869785 0.812911913619721 0.57607688217853 -0.0854964707727004 -0.0397967371987008 -1.31895502196646 0.851232262957444 1.02899595759853 0.64769073744007 -1.60696130126263
9.25732201709707 6.85001401652918 3.96822752416258 0.494139326916473 0.864939100662666 0.0877876855794303 -0.78643629359357 0.401665156204839 0.469236676326298 0.913978204422345 0.940957484661252 1.61495301879909 -1.06003799818755 0.266532016969854 -0.54143830414244
11.428541270735 5.29161977096438 5.13653250122579 0.299929337064435 -0.0653077717310591 0.951723325194677 -0.727321664604571 0.629906563259322 0.272435162487637 0.561471727325316 -1.38804668234246 -0.335323174714299 -0.300202633950135 -1.20741583386662 0.279138459023163
5.60670793074082 12.7273295052362 6.24787199756852 0.529940430783812 -0.0303146787551772 0.847492867269476 0.211318834692173 -0.963116021962221 -0.166588950245832 0.635505713461029 -1.53003636660915 -0.0608364926524528 -0.986052461877407 0.329742355256138 -0.85002311973877
12.1779601065243 12.690173206064 3.70793501832898 0.48996168202024 0.862832570938146 0.124328213532433 0.316820370489156 -0.309115652360424 0.896700823189598 -0.410428506748331 2.86104567702508 0.447108804075306 -1.26321983112349 -0.425282646940692 -0.224591877431828
3.01761719938388 0.439024610757944 9.3956596443633 0.597405154951565 0.715124563290261 -0.362910374357376 -0.204827605046391 0.573598628196331 0.793114283027514 -0.524818917555766 1.52049987568853 -0.857696832566704 -1.41107116142695 -2.84453850197833 1.54715518119381
5.55807706213651 -0.0670553632340933 12.6152069455977 0.703178837499415 0.580225582346741 -0.410947437129564 0.176249020916498 0.417691651140887 0.89133044781 0.780131071487919 0.40629452477412 -0.320984704170548 0.410750138653261 1.62835359706632 0.271425106567544
1.93583114256705 12.2765641275643 1.38488826205332 0.0301521992799265 -0.766007255106759 -0.642124388263202 -0.202889408982281 -0.633733358657386 0.746470306072285 0.120940423704285 -0.841070569059235 -0.190926673389026 2.15076157878151 -1.42112453884066 0.200406883668297
8.96122895687609 6.67643903236102 3.00353414312746 0.529196848182622 -0.84184033011186 -0.106092197972961 0.809760849834349 0.463724172278944 0.359509746905089 -0.104431120592608 -1.11711263848051 -0.824455573613974 0.451432567278136 0.307013178487551 -0.567542390583484
12.6802086557017 -0.0532971126072453 1.66779332690452 0.647699806484569 0.618044616951658 -0.445539910823857 0.532532644262643 0.0509727743159177 0.84487322071017 2.33926745278283 -2.08173573237604 -0.936922649491704 0.0865535172278307 1.35844964171406 -0.340043301695596
7.27948536041536 6.78939913848484 9.43565725161056 -0.177921544965441 -0.216254360226168 -0.959988528848278 0.800024941752287 0.536245932742132 -0.269073209725106 0.360628743933751 0.51064663468418 1.37556369486712 -0.466325732617489 -0.035616859538897 -0.118831433888831
12.72453554486 0.646429305866909 -0.119139991887034 0.627024267853747 -0.343477815523514 0.699187784336703 -0.679553495611959 0.197633095339503 0.706504215293932 0.154864132183026 0.155784554170454 0.908536373945298 0.442835979709445 -2.90513356916708 -1.25408222207339
12.0224089296913 5.92884699111767 8.92710689024976 0.446860232811224 0.203856577364461 0.871067407378526 -0.872640029019424 0.313760746123138 0.374237323025418 1.61311106778763 -1.78467443686256 -0.242407878842793 0.21986653330813 0.52836960187534 1.3712697526284
3.4643927594551 13.3397002595328 4.31475708506021 0.648369327121302 0.724334962897434 0.234427125505226 -0.425136333675194 0.0890298582223257 0.900740130189683 -0.75444541909158 0.905713601684965 -1.700948334872 -2.12999606574068 0.198574417504359 -0.543195074550445
3.82156436329431 5.75433779218313 14.3483951132346 0.704367962116075 0.563627104686321 0.431497695019756 0.670177289656894 -0.728380039891048 -0.142565486413981 0.00300430182887566 0.258443509497112 -0.904954352545837 -0.372178587666752 -1.01558175927603 1.0269373112223
3.57821018975592 10.493071717673 9.00869627183259 -0.0632402388718862 0.546261902890155 -0.83522368598972 0.0295448282127622 0.837556814843264 0.545550808848713 -1.08298040160101 -1.17742622058012 1.2237741821968 0.223233945127513 -0.159095676361328 -2.15515885215431
11.2085140918671 5.75505460923287 8.03492722098041 0.798326246801495 -0.522924149682502 -0.29870644008235 -0.59701655916875 -0.75230133642751 -0.278592762446712 -0.46730457313378 2.31380306884118 -1.43492857148031 1.38006815557996 -0.12560441341694 2.73965740985134
8.44206716655035 2.25186626977768 10.3033955830893 0.491631427783451 0.310689788244374 0.813492713363968 -0.805544590128266 0.517087384740788 0.289341579896525 1.47081797350923 -0.361905246764615 -0.335777545254269 0.240718029083048 0.12270881770625 -0.0809198415726834
7.16551936168549 4.89614646216997 2.7453669029784 0.658780754649049 -0.149662678848157 0.737298446942636 0.717637625837262 0.419194878075942 -0.556122191768638 1.50681636153398 -0.423717901445781 0.473483328197399 -1.52923888930416 0.0580974119931185 -1.96568138928631
6.98647776395985 1.70107269991169 6.79740548625993 0.773232413999485 -0.153574680332712 0.615245033707087 -0.567388638896967 -0.60080813653147 0.56311607642495 1.87743966687639 1.77094371845784 0.791653455240491 0.140068957135882 0.351619369223705 -0.788823009808793
2.01806796421113 7.10015608698886 8.02872426556939 0.748677392873067 0.641352458253695 0.167777190621164 -0.452754373629756 0.309800085139133 0.836084555775858 -1.03108486667479 -0.10287259586038 2.52140506918744 -1.2633161237866 -0.411014697544098 -0.172736131281805
12.1520125712774 2.65053823753976 7.61976627466058 0.306453939236856 -0.21022552637419 -0.928380962313914 -0.615050459600854 -0.788105029296101 -0.0245640986598457 0.753825452621095 0.515429202404613 -0.976513060114488 0.688041619681252 1.47357023831356 0.571652099434209
3.81204280618389 12.7024848807447 0.669566449680148 -0.287716098892803 0.8313327832854 -0.475505257460795 0.168943869901582 -0.444656956761972 -0.879623873951736 0.26834204024603 -0.193700143853859 -2.38519538108197 -2.56730966035118 0.0590944433924788 1.06514297299496
6.04893105533442 7.58842068092308 4.88041520423096 0.881080760866444 -0.0511543677114353 -0.470191369013779 0.00196350548573983 0.994520918099559 -0.104519319308045 -0.977712661244963 -0.898123122626109 -0.119840389586218 -0.142231243779207 -0.423550926439391 1.1754438943056
2.49091389989391 10.2140091527552 5.72955068544199 0.22588536875477 -0.680175750072869 -0.697378483461694 0.883698956351484 0.44432889520998 -0.147132550527669 1.65770352635728 0.634873211189182 -0.159471015030188 0.933417190639574 0.0306591201304313 0.312773972158218
13.6743914274726 7.34646718160937 0.936788115756138 -0.184990638976727 -0.757525533503493 0.626045948458442 -0.914740593476297 0.365576616482427 0.172056339981685 0.967130747322816 0.5222810341451 1.99155460473847 -1.76980629234714 -0.949175039264406 0.7568127893541
10.362180427038 0.645907204208219 -0.564466318243952 0.879018723400312 -0.435797173554179 -0.193408653978758 0.348815834708642 0.31125294174896 0.883996108424201 1.5259295132691 0.949095961435342 -0.793383695516491 2.57791468212242 -2.57538807011771 0.0824718522050666
12.2644704403726 7.41018515572688 2.81318904439026 -0.167938788101469 -0.919142029854443 0.356334803809653 -0.863086647024241 0.311746397257403 0.397360822836729 -0.130742890593211 0.905919565010758 0.735256938434559 1.39394403506238 -0.864758423504022 -2.6418071895032
1.44120539680555 4.14426476436704 0.922014240490247 -0.731228267143227 0.28115777186508 -0.621494592615718 0.133474969289128 -0.834517938694629 -0.534569212142014 -1.67973502619508 1.51082029913017 -1.73095989070762 -1.39416371716251 0.673156838228304 1.12600310602978
3.50877509760032 11.3363436727264 4.98541803811921 0.143491295172937 -0.145954469303773 -0.978829679310884 -0.36795657019411 0.910291862541494 -0.189675215675969 1.9998261633107 -1.83656915644169 -1.54517042875391 -0.44439381079438 -1.99619282488178 -1.78260379256017
4.81280895422372 4.02993030689941 8.53959441056956 0.763573897446941 -0.316877691081707 0.562621926370111 -0.564989859422279 -0.749722891193074 0.344531631597293 0.132874238633776 3.32349077039061 -0.465686863117201 -3.34743166647678 0.243135196186526 -2.81257316874428
12.7129486284483 5.56562186337845 -0.925263305004044 0.29311985011609 0.878708488016242 -0.376765373350751 -0.877372239967915 0.403796561781773 0.259164598714605 -1.12008373515316 1.44545411274682 -0.349340663333682 -0.920275621138262 -0.444008055774631 -0.288155095114887
10.6381533248353 -0.127463824541431 3.93778751815954 0.859581901587657 0.22657528540736 0.458020299228671 -0.230044477476396 0.971942113934699 -0.0490720444118719 0.0227667600000733 -1.07063083119717 -0.454451891539363 2.70797753379019 1.09244943957553 -0.12135524872499
3.26680725204682 1.93956674657021 7.3374388491452 0.745573351943839 -0.594659136667989 -0.300833655112774 0.480569564454996 0.792495191899694 -0.375505345548372 -0.435910228417395 -0.726505157712371 -0.456588276457474 -0.321545477094344 0.169669526213778 -0.7564986455526
8.83742703038331 6.38958191991841 -2.65405027898259 0.105492025228014 0.56417434118625 0.818888725872052 0.267260587048623 -0.809270558569263 0.523118477635247 -0.919549116784072 -0.61226581907626 0.615839179337517 2.05815989741328 -0.888682865478207 1.95052550992487
13.3379859383788 11.3983971315881 4.22271266597874 -0.074109385135318 0.896469454550567 -0.436864184950739 -0.0596909182741339 0.433295813215898 0.899272891020943 -0.172649906382706 2.0469436613298 -2.61150582212394 2.37761718252435 0.221091984380103 0.0253900302418437
8.21711587097784 10.7273045073154 -0.0786510824651637 0.479239938829183 0.287511976393729 0.829256259826342 0.000283635760456191 0.944772554559086 -0.327726623426681 0.771557298307213 -0.982629616792673 -0.5765357704556 0.861495720337738 0.321402204955759 1.78245270875589
8.45069821667175 0.828258448630278 6.38802082070141 0.667698177143843 -0.615871066643858 0.418188920835722 -0.151884431706852 0.437236841726077 0.886428261983164 -1.69081973620054 -2.0634307974042 -0.949633928576119 -1.04425174873643 0.0870951989642695 -0.0830197169599398
6.19204015642568 4.15646040466447 6.12231806791729 0.831795190742189 -0.541633995237876 -0.121447008447395 0.553225726911274 0.791045721628346 0.261128246991746 -0.421376656616257 2.65538306378863 0.765901749022943 -0.8707021066814 0.243426384255168 -1.26589212456507
11.3159585330336 4.92916586555716 8.92842925702792 0.317888312883181 -0.420335663240545 0.849861724482528 -0.655138274033166 0.550572779999541 0.517362016213426 1.70822985025407 0.692642674889008 -0.939439197888961 -1.54293645407573 1.28130459458062 -0.502256157485072
14.0915767997496 17.654121861586 6.18054408683631 0.986979065156616 -0.0747597983446823 0.142419442120919 0.1366488517898 0.856785053135243 -0.497238840024156 -0.457325786189043 -2.46727557057879 2.57741763053054 0.0769024279508332 0.503848844500534 0.955001312907205
8.15228041563311 8.51504598429353 2.78056965734166 0.53259240780772 -0.148099966512328 0.833313702674223 -0.805667154173467 0.212948415555911 0.552768856755022 0.453569002653916 -1.19051322489774 0.431697258923018 1.59961541136546 1.05553524180382 -0.515622870240378
1.50846543856792 5.52309020709065 10.9754827745275 0.425592067207289 0.0813193812373171 0.901253876865673 0.22934378295009 0.953743623580758 -0.194356707373809 -0.575274983310246 0.31388449766795 -0.870825831365555 1.27318729154287 -2.13533898162109 2.6290342215872
11.4511214625745 2.63865821857319 3.34684849851931 -0.132856615603007 -0.555820279260729 0.820617411985049 0.147099596736935 -0.829845170978249 -0.53825523763723 -1.58802644822667 -0.452052444128523 -0.751866208236247 0.0742634105650283 -0.0971897531823482 0.441234210685609
3.8917232545952 4.2199455692676 6.08018402987906 0.684057818251782 0.589380801998269 0.429761761356788 -0.444933930136886 0.804022247920638 -0.394438870627108 0.397811978416881 0.382993304495296 -0.401800055821831 -0.725353955580529 0.262325590609798 -0.664105364204339
1.80994765052836 3.44280953428574 -2.23496642299703 0.879505460477426 0.37509660777486 -0.292869731836843 0.227506231070197 0.2091261051406 0.951055827474369 -0.324867740653389 0.502907256639963 1.23136213702496 -0.582510610539215 1.97991404536206 0.0703662207727905
2.12738346255035 11.4406672318785 6.8531450579735 0.474340612981898 -0.413305423109189 0.777289913805969 0.0204309346752706 0.887871934230607 0.459636818927613 0.820102813473623 -0.13330601975975 -0.0348095005873776 -0.270294882394378 -0.163557237325015 1.42043375965625
7.67848845362211 7.07290951858496 8.12242131722262 0.668968341429798 -0.614543418736886 0.418112119714135 -0.666570343906026 -0.247108782898422 0.703293129526702 -0.580188291325195 -0.896479637180891 -1.77492029200942 -0.499584054247725 1.59343739435741 -0.804893613466908
6.24700392307373 -0.716392841584835 9.27496846373099 0.641896667829409 0.462599980470576 0.611530805354991 -0.50592913403798 0.854797682634386 -0.11557090072533 -2.56135513214708 -1.18623312248859 -2.05855714864431 -0.0153386362858976 -0.907757139057507 -1.10817376066588
14.8660624361765 2.25851605658488 4.08120297996986 0.97475742254344 -0.12032948864303 0.188065896321945 -0.0637473571916151 0.657276066499771 0.750949030798811 1.2539111246027 0.180464233219599 -0.489910889619028 1.42064388521281 -3.01524148114557 -1.70459497362186
5.40641608882504 -0.252074818012748 9.83496359853721 0.608991488230039 -0.73695045542902 -0.293314495902132 -0.691906051062733 -0.674384172942208 0.257821651123075 0.201740442611184 2.18978339050203 0.395140572713621 -1.05540974051711 1.54391044951082 -0.593553224112614
3.25336173615703 12.7577791456995 8.197523408706 0.592835450895702 0.792659958034405 0.142254416768639 -0.469339979445229 0.196526655199585 0.860870058423695 0.402796582413243 1.11868556869867 -2.30578049661596 0.473123239933277 -2.3425917193475 -0.0776854627783868
6.13090908590445 7.02003515944017 1.77748537856952 0.483381885242483 -0.0312960808187933 0.874849991909931 -0.65367533569982 -0.67763066844893 0.336935057058752 1.13715527987772 -1.93933992058964 1.32682741406847 -1.53101047678886 1.78125685118214 0.497697146340733
9.26395836027016 7.67749222271426 2.17325521177765 0.69913857096714 0.623825552458035 0.349352170003927 -0.633787841526523 0.314565531325941 0.706655148169727 1.50316727620995 1.65630931829079 -0.178649400773721 -0.572042352609564 -1.76148346988298 0.523379883459848
0.0564693333403005 5.53210290527338 -3.17671744671151 0.773159571890376 -0.462805557494267 -0.433630363727809 0.511262612152094 0.050242212500619 0.857954696646892 0.60834884855293 1.44256196937273 -0.622723843428992 -1.24237121801539 0.919361438878981 -2.19939664708208
0.429887453008847 2.28355003069683 9.05686534548711 0.75216138681036 -0.632326955669154 -0.185515145812132 -0.295006044650242 -0.574836521096453 0.763239416981033 1.01077860679591 0.908849125797526 -0.3314391746094 -0.377609720962845 1.14078412848979 0.965060524464589
4.75177408850642 -1.12989923853117 13.7826791647249 0.657601840857974 0.727509418141691 -0.19567796354046 0.687536631001613 -0.473359921692876 0.550657575600178 -0.93302131250543 0.0504002304522209 -1.55909894606112 -0.890087044377516 0.206177411623643 1.49068313240017
11.1379636138092 12.6801099175588 12.2857043854784 0.499033005554439 0.246471410104107 0.830793538352698 -0.618721244411861 -0.569913889776278 0.540723755677066 -0.156382427385346 1.10864197035412 0.367335232630606 -0.621867959334817 -1.05851790709 -2.3081739482347
14.059019089579 11.9918070130029 5.29578379322546 0.54343139497432 -0.311640068415354 -0.779463140061375 0.801876748291287 -0.0819874871365503 0.591837589633192 0.420272583507923 -1.23351098442188 0.619557311906187 -1.13732171174654 2.94824432119477 0.0350700737919614
10.1819877002493 13.2579335265504 -1.73315754999391 0.779093067051307 -0.506928401669785 0.368832737772972 -0.611064868464108 -0.74549839768543 0.266142566263644 -0.656083060815674 -0.461971682292211 1.34446558722167 -0.841005491497783 1.99803281133353 0.939176338890196
2.42385996717257 2.92310695463297 7.19758035304327 0.632766270298655 0.493075960526793 -0.597061926706862 0.406222658436891 -0.867811935621724 -0.286156593782045 0.59357438740229 -1.43651011812195 -0.865014751598671 0.485834544062263 -0.788729693088627 0.135032707597867
7.47865766827802 2.93860412308686 7.3432337467646 0.696208253404914 -0.529135422288968 -0.485087386735581 -0.716204329966459 -0.557611672734633 -0.419667225510143 -0.226777956701111 -1.42183494731318 0.201039516615648 -0.190837004210074 0.521319301051906 0.0406467458102939
7.47931525659493 3.55839382847899 12.2160756956079 0.964837807531215 -0.151121604111913 -0.215058749947542 -0.0903612396688285 -0.959028571488712 0.268512654140979 -1.85390020943216 3.3226157408566 1.57315519575667 -3.37522447161405 -0.421368540261233 0.480996307350344
10.3539360289035 1.56578064254976 10.3441111540348 0.798132119397292 -0.358496379777154 0.484216341807112 -0.300099986675045 -0.933460560682487 -0.196446887600632 0.499372800993824 0.0576191496621212 -0.00413860170092164 -0.595626772548293 1.16959700515471 -0.610299581755833
2.53468734587899 16.1868398723463 11.0510966471263 0.544117698494982 -0.480265557629507 -0.687954158603131 -0.557783726819513 -0.819583952880531 0.130994115425304 1.7989417091249 -1.79879428581992 -0.303648922484325 2.18456824173395 -1.5190520561565 0.386494656339582
11.9390404731461 16.0420696372227 11.8050776360662 0.0306439114733435 0.867228132811838 -0.496967117975936 0.709534852857033 -0.369069350736606 -0.600290019014149 -0.927702534414489 1.40898128908854 -2.12757566179472 0.253345064644318 -2.6627768280987 -0.775762961083447
0.610160440548185 5.96435212453243 2.81229061393627 0.655417580412123 0.752059282797897 -0.0695315068456822 0.19602900534198 -0.0804835964373946 0.977289629418596 -0.488061247188729 0.630555661728146 -2.4888084238233 -2.39299349892472 1.86074201436364 -1.25569062346098
1.38384886044805 8.14445151902117 2.60136047403587 0.690862801338679 -0.376009511751183 -0.617515535674294 0.0818022311002254 0.889286984824769 -0.449974503286904 0.234224930620058 0.282371178362674 1.6910277792162 -1.06515944077471 -1.31227682803565 -1.3936739667579
12.6500380144363 3.28037754687078 6.03032025913866 0.226895160783906 0.723564070875224 0.651900008706335 0.813902700703193 -0.508476856137349 0.281093722022969 -0.723638063158863 0.359757695283106 -1.26506956505302 -0.315458958694674 2.59055088692822 -0.794362500770798
6.18264296942291 3.00122301522871 7.71669668326923 0.0926360478509524 0.312279537172738 0.945462877802052 0.273273633638503 -0.921057387153649 0.277443346879508 -1.71024797080651 -1.69746145102185 0.390916734681908 0.674002293981691 -0.403517154189302 0.563045237335463
12.6571769689317 9.43854869862919 9.48078904274499 0.546838124383172 0.536517904012661 0.642741475552151 -0.837227852885759 0.354265090607667 0.416588247468701 -1.23382510311581 0.255674314483039 -0.975907248012221 2.03822040545635 2.9519074207352 -0.362300572058667
7.9012005163966 12.3540045910054 12.3453156715162 0.248032192167634 -0.944886207476445 -0.213705607248146 -0.293862157671392 -0.283589574540919 0.912809939418067 -0.343697152489862 1.09294167244437 -1.63244914433021 -0.0997541372642582 0.0492081682985149 2.51953976762647
9.77512750699803 2.43349672531393 4.228742813489 0.339475589389075 -0.845962132685842 -0.411223046862115 -0.149332007272149 -0.480112376799011 0.864402717052923 -1.65668302126397 0.415017235491125 0.36907237921135 -0.981428612931932 0.790300229921299 0.414106273480891
8.95238587163215 5.70000664975852 2.58454190767167 0.913586026105201 -0.40060605026399 0.0698238168334558 0.16013718256348 0.512259536243581 0.843769074029229 0.775360165406074 -1.10917603675595 -0.336805279955011 -3.64757859646182 -0.952565642653217 -2.80006008088219
4.61889387158154 5.23922525629059 7.83732620202016 0.23455155363658 0.59359819139207 -0.76982254829456 0.892630554665581 0.182090136247197 0.412375890613036 0.144935532485535 -1.14397669146362 -2.04816747674278 0.406136638242795 0.245649740190891 -1.21414838468861
9.26163214279075 3.38448558770353 2.19362766487435 0.99344734745823 -0.00598831979030657 0.114133727943567 -0.0872681415919062 -0.684591686197768 0.723683974295404 0.37366153910147 0.429118550024475 0.831055835226761 -2.49347750525391 -1.49057746422252 -0.673854309552265
16.7809768607177 1.78014757767112 5.7068272086964 0.0300808204009014 0.967880390056954 -0.249605077647085 0.243216282717718 0.235125105277661 0.941043051453622 0.117261157918284 -2.18607268544709 0.072035545579064 0.339177945021113 0.190665280114195 -0.404968842057177
1.85973482668346 0.949481164506006 1.87698282809199 0.989347077026048 -0.145565865493021 0.00171463794521346 -0.00733985468870713 -0.0381155156005266 0.999246383032561 0.604543202291401 0.377051212603567 -0.299548460321956 2.34053721399569 -1.94746568047437 -1.10543857348502
8.49638554297533 7.8373194644033 0.136863878378836 -0.841248374380528 -0.537123054334804 0.0616441165414002 -0.263254635000049 0.307363212414108 -0.914453308160384 -0.763845437706143 -0.072608933881765 2.01829644429084 0.851001569485658 0.449571711572297 -1.48344695723098
5.60725910178577 2.56742007617133 12.6920684554154 0.41706880819099 0.836019121259096 0.356546824587342 -0.501647980277375 -0.11538142381596 0.857342656655921 -0.640008511734489 1.77118536433027 1.71800706498264 0.366718023700336 1.17706874554725 0.381837685889053
1.33409585166554 13.6450393045417 8.0282735528727 0.87687707967103 0.467255826874076 -0.112953881738651 0.455423487088735 -0.8826953002536 -0.115924347391495 0.413299253384722 -0.991001885479997 0.125831752512799 1.80619507666993 0.160102282982604 -0.567879127745353
4.18320610270188 8.52053299159629 3.99230283505707 -0.713910100902664 0.613454751648186 -0.337647205688734 0.566475402205971 0.789411428824851 0.236506267858361 -1.55914143694125 1.29870630096917 0.791042700386318 1.07402713646437 -0.0354985672051374 -0.399680366749508
8.16506173154589 3.01918422135807 9.58158597291369 0.926886388400508 -0.227895569331797 -0.29823687310056 0.108087819980343 -0.598851352248857 0.793532659114678 -1.19059813268344 -0.327204264821763 1.49534007602166 -0.268274139955366 1.29806697586007 -1.71141475083197
-2.43882382832844 7.02572794136914 2.92833218733402 0.946311298713331 -0.185582008205936 -0.264677623077097 0.107217131418928 -0.592241925577807 0.798595008948959 -1.29066850533079 -0.100018925130798 -1.39909360032772 0.744801476284632 -0.464631688337482 -1.33512625845733
10.1498759348812 3.75485316807696 6.47927101889649 -0.194895472659794 0.212883175859948 0.957442691847662 0.200885194943541 -0.946804274806558 0.251409633189587 -1.30283737874123 -1.17891619541267 -0.273790658844253 -2.43587315255414 -0.418290343675263 -1.16898960408913
6.84305558507978 9.28017109510973 3.73244681744002 0.672537235249836 -0.0761058617258215 -0.736139636898786 0.693541092817606 0.411924099896457 0.5910323920885 1.45473869230044 1.93527000654308 -0.305924313330265 0.0172512175553869 0.281220661501421 -0.215975040668943
0.247312155231846 8.74363399343029 12.0549831760362 0.603232826836056 -0.770869743465693 -0.204621590347934 -0.0939591643950311 -0.323458007486023 0.941566032107871 0.221881632291501 0.0343022848482927 0.118125169203954 1.49794021705372 -0.00175891878493363 -0.484062599450947
5.50106276961922 1.48337194960261 5.00189401574726 -0.0633667895545071 -0.515239465049792 0.854700499377858 0.996703494149503 0.0108040960315881 0.0804078121771318 1.9191525149301 1.00139171072126 -2.13212334207721 -1.32183459584423 0.982317015810314 1.48509355421763
5.45989196544387 9.73167069342684 5.82046333638472 0.244240119879526 0.389557171745192 -0.888027011854438 0.052112223201945 0.90916495357697 0.413162683915594 0.263557222386711 0.519865426965671 -0.524969261347526 2.39924554509925 1.42249699811474 0.0355185552975416
12.3598153798402 8.97817997864593 11.1988354819139 -0.408259498483287 0.905966013908088 0.112025727141869 0.872508719901741 0.351176020088827 0.339711549126604 0.303880269643911 3.61719028001756 1.34949182437232 -0.457626140991086 -0.94979040418922 -0.304406030228557
